0 1 100
100 101 1
1 2 101
101 102 2
2 3 102
102 103 3
3 4 103
103 104 4
4 5 104
104 105 5
5 6 105
105 106 6
6 7 106
106 107 7
7 8 107
107 108 8
8 9 108
108 109 9
9 10 109
109 110 10
10 11 110
110 111 11
11 12 111
111 112 12
12 13 112
112 113 13
13 14 113
113 114 14
14 15 114
114 115 15
15 16 115
115 116 16
16 17 116
116 117 17
17 18 117
117 118 18
18 19 118
118 119 19
19 20 119
119 120 20
20 21 120
120 121 21
21 22 121
121 122 22
22 23 122
122 123 23
23 24 123
123 124 24
24 25 124
124 125 25
25 26 125
125 126 26
26 27 126
126 127 27
27 28 127
127 128 28
28 29 128
128 129 29
29 30 129
129 130 30
30 31 130
130 131 31
31 32 131
131 132 32
32 33 132
132 133 33
33 34 133
133 134 34
34 35 134
134 135 35
35 36 135
135 136 36
36 37 136
136 137 37
37 38 137
137 138 38
38 39 138
138 139 39
39 40 139
139 140 40
40 41 140
140 141 41
41 42 141
141 142 42
42 43 142
142 143 43
43 44 143
143 144 44
44 45 144
144 145 45
45 46 145
145 146 46
46 47 146
146 147 47
47 48 147
147 148 48
48 49 148
148 149 49
49 50 149
149 150 50
50 51 150
150 151 51
51 52 151
151 152 52
52 53 152
152 153 53
53 54 153
153 154 54
54 55 154
154 155 55
55 56 155
155 156 56
56 57 156
156 157 57
57 58 157
157 158 58
58 59 158
158 159 59
59 60 159
159 160 60
60 61 160
160 161 61
61 62 161
161 162 62
62 63 162
162 163 63
63 64 163
163 164 64
64 65 164
164 165 65
65 66 165
165 166 66
66 67 166
166 167 67
67 68 167
167 168 68
68 69 168
168 169 69
69 70 169
169 170 70
70 71 170
170 171 71
71 72 171
171 172 72
72 73 172
172 173 73
73 74 173
173 174 74
74 75 174
174 175 75
75 76 175
175 176 76
76 77 176
176 177 77
77 78 177
177 178 78
78 79 178
178 179 79
79 80 179
179 180 80
80 81 180
180 181 81
81 82 181
181 182 82
82 83 182
182 183 83
83 84 183
183 184 84
84 85 184
184 185 85
85 86 185
185 186 86
86 87 186
186 187 87
87 88 187
187 188 88
88 89 188
188 189 89
89 90 189
189 190 90
90 91 190
190 191 91
91 92 191
191 192 92
92 93 192
192 193 93
93 94 193
193 194 94
94 95 194
194 195 95
95 96 195
195 196 96
96 97 196
196 197 97
97 98 197
197 198 98
98 99 198
198 199 99
100 101 200
200 201 101
101 102 201
201 202 102
102 103 202
202 203 103
103 104 203
203 204 104
104 105 204
204 205 105
105 106 205
205 206 106
106 107 206
206 207 107
107 108 207
207 208 108
108 109 208
208 209 109
109 110 209
209 210 110
110 111 210
210 211 111
111 112 211
211 212 112
112 113 212
212 213 113
113 114 213
213 214 114
114 115 214
214 215 115
115 116 215
215 216 116
116 117 216
216 217 117
117 118 217
217 218 118
118 119 218
218 219 119
119 120 219
219 220 120
120 121 220
220 221 121
121 122 221
221 222 122
122 123 222
222 223 123
123 124 223
223 224 124
124 125 224
224 225 125
125 126 225
225 226 126
126 127 226
226 227 127
127 128 227
227 228 128
128 129 228
228 229 129
129 130 229
229 230 130
130 131 230
230 231 131
131 132 231
231 232 132
132 133 232
232 233 133
133 134 233
233 234 134
134 135 234
234 235 135
135 136 235
235 236 136
136 137 236
236 237 137
137 138 237
237 238 138
138 139 238
238 239 139
139 140 239
239 240 140
140 141 240
240 241 141
141 142 241
241 242 142
142 143 242
242 243 143
143 144 243
243 244 144
144 145 244
244 245 145
145 146 245
245 246 146
146 147 246
246 247 147
147 148 247
247 248 148
148 149 248
248 249 149
149 150 249
249 250 150
150 151 250
250 251 151
151 152 251
251 252 152
152 153 252
252 253 153
153 154 253
253 254 154
154 155 254
254 255 155
155 156 255
255 256 156
156 157 256
256 257 157
157 158 257
257 258 158
158 159 258
258 259 159
159 160 259
259 260 160
160 161 260
260 261 161
161 162 261
261 262 162
162 163 262
262 263 163
163 164 263
263 264 164
164 165 264
264 265 165
165 166 265
265 266 166
166 167 266
266 267 167
167 168 267
267 268 168
168 169 268
268 269 169
169 170 269
269 270 170
170 171 270
270 271 171
171 172 271
271 272 172
172 173 272
272 273 173
173 174 273
273 274 174
174 175 274
274 275 175
175 176 275
275 276 176
176 177 276
276 277 177
177 178 277
277 278 178
178 179 278
278 279 179
179 180 279
279 280 180
180 181 280
280 281 181
181 182 281
281 282 182
182 183 282
282 283 183
183 184 283
283 284 184
184 185 284
284 285 185
185 186 285
285 286 186
186 187 286
286 287 187
187 188 287
287 288 188
188 189 288
288 289 189
189 190 289
289 290 190
190 191 290
290 291 191
191 192 291
291 292 192
192 193 292
292 293 193
193 194 293
293 294 194
194 195 294
294 295 195
195 196 295
295 296 196
196 197 296
296 297 197
197 198 297
297 298 198
198 199 298
298 299 199
200 201 300
300 301 201
201 202 301
301 302 202
202 203 302
302 303 203
203 204 303
303 304 204
204 205 304
304 305 205
205 206 305
305 306 206
206 207 306
306 307 207
207 208 307
307 308 208
208 209 308
308 309 209
209 210 309
309 310 210
210 211 310
310 311 211
211 212 311
311 312 212
212 213 312
312 313 213
213 214 313
313 314 214
214 215 314
314 315 215
215 216 315
315 316 216
216 217 316
316 317 217
217 218 317
317 318 218
218 219 318
318 319 219
219 220 319
319 320 220
220 221 320
320 321 221
221 222 321
321 322 222
222 223 322
322 323 223
223 224 323
323 324 224
224 225 324
324 325 225
225 226 325
325 326 226
226 227 326
326 327 227
227 228 327
327 328 228
228 229 328
328 329 229
229 230 329
329 330 230
230 231 330
330 331 231
231 232 331
331 332 232
232 233 332
332 333 233
233 234 333
333 334 234
234 235 334
334 335 235
235 236 335
335 336 236
236 237 336
336 337 237
237 238 337
337 338 238
238 239 338
338 339 239
239 240 339
339 340 240
240 241 340
340 341 241
241 242 341
341 342 242
242 243 342
342 343 243
243 244 343
343 344 244
244 245 344
344 345 245
245 246 345
345 346 246
246 247 346
346 347 247
247 248 347
347 348 248
248 249 348
348 349 249
249 250 349
349 350 250
250 251 350
350 351 251
251 252 351
351 352 252
252 253 352
352 353 253
253 254 353
353 354 254
254 255 354
354 355 255
255 256 355
355 356 256
256 257 356
356 357 257
257 258 357
357 358 258
258 259 358
358 359 259
259 260 359
359 360 260
260 261 360
360 361 261
261 262 361
361 362 262
262 263 362
362 363 263
263 264 363
363 364 264
264 265 364
364 365 265
265 266 365
365 366 266
266 267 366
366 367 267
267 268 367
367 368 268
268 269 368
368 369 269
269 270 369
369 370 270
270 271 370
370 371 271
271 272 371
371 372 272
272 273 372
372 373 273
273 274 373
373 374 274
274 275 374
374 375 275
275 276 375
375 376 276
276 277 376
376 377 277
277 278 377
377 378 278
278 279 378
378 379 279
279 280 379
379 380 280
280 281 380
380 381 281
281 282 381
381 382 282
282 283 382
382 383 283
283 284 383
383 384 284
284 285 384
384 385 285
285 286 385
385 386 286
286 287 386
386 387 287
287 288 387
387 388 288
288 289 388
388 389 289
289 290 389
389 390 290
290 291 390
390 391 291
291 292 391
391 392 292
292 293 392
392 393 293
293 294 393
393 394 294
294 295 394
394 395 295
295 296 395
395 396 296
296 297 396
396 397 297
297 298 397
397 398 298
298 299 398
398 399 299
300 301 400
400 401 301
301 302 401
401 402 302
302 303 402
402 403 303
303 304 403
403 404 304
304 305 404
404 405 305
305 306 405
405 406 306
306 307 406
406 407 307
307 308 407
407 408 308
308 309 408
408 409 309
309 310 409
409 410 310
310 311 410
410 411 311
311 312 411
411 412 312
312 313 412
412 413 313
313 314 413
413 414 314
314 315 414
414 415 315
315 316 415
415 416 316
316 317 416
416 417 317
317 318 417
417 418 318
318 319 418
418 419 319
319 320 419
419 420 320
320 321 420
420 421 321
321 322 421
421 422 322
322 323 422
422 423 323
323 324 423
423 424 324
324 325 424
424 425 325
325 326 425
425 426 326
326 327 426
426 427 327
327 328 427
427 428 328
328 329 428
428 429 329
329 330 429
429 430 330
330 331 430
430 431 331
331 332 431
431 432 332
332 333 432
432 433 333
333 334 433
433 434 334
334 335 434
434 435 335
335 336 435
435 436 336
336 337 436
436 437 337
337 338 437
437 438 338
338 339 438
438 439 339
339 340 439
439 440 340
340 341 440
440 441 341
341 342 441
441 442 342
342 343 442
442 443 343
343 344 443
443 444 344
344 345 444
444 445 345
345 346 445
445 446 346
346 347 446
446 447 347
347 348 447
447 448 348
348 349 448
448 449 349
349 350 449
449 450 350
350 351 450
450 451 351
351 352 451
451 452 352
352 353 452
452 453 353
353 354 453
453 454 354
354 355 454
454 455 355
355 356 455
455 456 356
356 357 456
456 457 357
357 358 457
457 458 358
358 359 458
458 459 359
359 360 459
459 460 360
360 361 460
460 461 361
361 362 461
461 462 362
362 363 462
462 463 363
363 364 463
463 464 364
364 365 464
464 465 365
365 366 465
465 466 366
366 367 466
466 467 367
367 368 467
467 468 368
368 369 468
468 469 369
369 370 469
469 470 370
370 371 470
470 471 371
371 372 471
471 472 372
372 373 472
472 473 373
373 374 473
473 474 374
374 375 474
474 475 375
375 376 475
475 476 376
376 377 476
476 477 377
377 378 477
477 478 378
378 379 478
478 479 379
379 380 479
479 480 380
380 381 480
480 481 381
381 382 481
481 482 382
382 383 482
482 483 383
383 384 483
483 484 384
384 385 484
484 485 385
385 386 485
485 486 386
386 387 486
486 487 387
387 388 487
487 488 388
388 389 488
488 489 389
389 390 489
489 490 390
390 391 490
490 491 391
391 392 491
491 492 392
392 393 492
492 493 393
393 394 493
493 494 394
394 395 494
494 495 395
395 396 495
495 496 396
396 397 496
496 497 397
397 398 497
497 498 398
398 399 498
498 499 399
400 401 500
500 501 401
401 402 501
501 502 402
402 403 502
502 503 403
403 404 503
503 504 404
404 405 504
504 505 405
405 406 505
505 506 406
406 407 506
506 507 407
407 408 507
507 508 408
408 409 508
508 509 409
409 410 509
509 510 410
410 411 510
510 511 411
411 412 511
511 512 412
412 413 512
512 513 413
413 414 513
513 514 414
414 415 514
514 515 415
415 416 515
515 516 416
416 417 516
516 517 417
417 418 517
517 518 418
418 419 518
518 519 419
419 420 519
519 520 420
420 421 520
520 521 421
421 422 521
521 522 422
422 423 522
522 523 423
423 424 523
523 524 424
424 425 524
524 525 425
425 426 525
525 526 426
426 427 526
526 527 427
427 428 527
527 528 428
428 429 528
528 529 429
429 430 529
529 530 430
430 431 530
530 531 431
431 432 531
531 532 432
432 433 532
532 533 433
433 434 533
533 534 434
434 435 534
534 535 435
435 436 535
535 536 436
436 437 536
536 537 437
437 438 537
537 538 438
438 439 538
538 539 439
439 440 539
539 540 440
440 441 540
540 541 441
441 442 541
541 542 442
442 443 542
542 543 443
443 444 543
543 544 444
444 445 544
544 545 445
445 446 545
545 546 446
446 447 546
546 547 447
447 448 547
547 548 448
448 449 548
548 549 449
449 450 549
549 550 450
450 451 550
550 551 451
451 452 551
551 552 452
452 453 552
552 553 453
453 454 553
553 554 454
454 455 554
554 555 455
455 456 555
555 556 456
456 457 556
556 557 457
457 458 557
557 558 458
458 459 558
558 559 459
459 460 559
559 560 460
460 461 560
560 561 461
461 462 561
561 562 462
462 463 562
562 563 463
463 464 563
563 564 464
464 465 564
564 565 465
465 466 565
565 566 466
466 467 566
566 567 467
467 468 567
567 568 468
468 469 568
568 569 469
469 470 569
569 570 470
470 471 570
570 571 471
471 472 571
571 572 472
472 473 572
572 573 473
473 474 573
573 574 474
474 475 574
574 575 475
475 476 575
575 576 476
476 477 576
576 577 477
477 478 577
577 578 478
478 479 578
578 579 479
479 480 579
579 580 480
480 481 580
580 581 481
481 482 581
581 582 482
482 483 582
582 583 483
483 484 583
583 584 484
484 485 584
584 585 485
485 486 585
585 586 486
486 487 586
586 587 487
487 488 587
587 588 488
488 489 588
588 589 489
489 490 589
589 590 490
490 491 590
590 591 491
491 492 591
591 592 492
492 493 592
592 593 493
493 494 593
593 594 494
494 495 594
594 595 495
495 496 595
595 596 496
496 497 596
596 597 497
497 498 597
597 598 498
498 499 598
598 599 499
500 501 600
600 601 501
501 502 601
601 602 502
502 503 602
602 603 503
503 504 603
603 604 504
504 505 604
604 605 505
505 506 605
605 606 506
506 507 606
606 607 507
507 508 607
607 608 508
508 509 608
608 609 509
509 510 609
609 610 510
510 511 610
610 611 511
511 512 611
611 612 512
512 513 612
612 613 513
513 514 613
613 614 514
514 515 614
614 615 515
515 516 615
615 616 516
516 517 616
616 617 517
517 518 617
617 618 518
518 519 618
618 619 519
519 520 619
619 620 520
520 521 620
620 621 521
521 522 621
621 622 522
522 523 622
622 623 523
523 524 623
623 624 524
524 525 624
624 625 525
525 526 625
625 626 526
526 527 626
626 627 527
527 528 627
627 628 528
528 529 628
628 629 529
529 530 629
629 630 530
530 531 630
630 631 531
531 532 631
631 632 532
532 533 632
632 633 533
533 534 633
633 634 534
534 535 634
634 635 535
535 536 635
635 636 536
536 537 636
636 637 537
537 538 637
637 638 538
538 539 638
638 639 539
539 540 639
639 640 540
540 541 640
640 641 541
541 542 641
641 642 542
542 543 642
642 643 543
543 544 643
643 644 544
544 545 644
644 645 545
545 546 645
645 646 546
546 547 646
646 647 547
547 548 647
647 648 548
548 549 648
648 649 549
549 550 649
649 650 550
550 551 650
650 651 551
551 552 651
651 652 552
552 553 652
652 653 553
553 554 653
653 654 554
554 555 654
654 655 555
555 556 655
655 656 556
556 557 656
656 657 557
557 558 657
657 658 558
558 559 658
658 659 559
559 560 659
659 660 560
560 561 660
660 661 561
561 562 661
661 662 562
562 563 662
662 663 563
563 564 663
663 664 564
564 565 664
664 665 565
565 566 665
665 666 566
566 567 666
666 667 567
567 568 667
667 668 568
568 569 668
668 669 569
569 570 669
669 670 570
570 571 670
670 671 571
571 572 671
671 672 572
572 573 672
672 673 573
573 574 673
673 674 574
574 575 674
674 675 575
575 576 675
675 676 576
576 577 676
676 677 577
577 578 677
677 678 578
578 579 678
678 679 579
579 580 679
679 680 580
580 581 680
680 681 581
581 582 681
681 682 582
582 583 682
682 683 583
583 584 683
683 684 584
584 585 684
684 685 585
585 586 685
685 686 586
586 587 686
686 687 587
587 588 687
687 688 588
588 589 688
688 689 589
589 590 689
689 690 590
590 591 690
690 691 591
591 592 691
691 692 592
592 593 692
692 693 593
593 594 693
693 694 594
594 595 694
694 695 595
595 596 695
695 696 596
596 597 696
696 697 597
597 598 697
697 698 598
598 599 698
698 699 599
600 601 700
700 701 601
601 602 701
701 702 602
602 603 702
702 703 603
603 604 703
703 704 604
604 605 704
704 705 605
605 606 705
705 706 606
606 607 706
706 707 607
607 608 707
707 708 608
608 609 708
708 709 609
609 610 709
709 710 610
610 611 710
710 711 611
611 612 711
711 712 612
612 613 712
712 713 613
613 614 713
713 714 614
614 615 714
714 715 615
615 616 715
715 716 616
616 617 716
716 717 617
617 618 717
717 718 618
618 619 718
718 719 619
619 620 719
719 720 620
620 621 720
720 721 621
621 622 721
721 722 622
622 623 722
722 723 623
623 624 723
723 724 624
624 625 724
724 725 625
625 626 725
725 726 626
626 627 726
726 727 627
627 628 727
727 728 628
628 629 728
728 729 629
629 630 729
729 730 630
630 631 730
730 731 631
631 632 731
731 732 632
632 633 732
732 733 633
633 634 733
733 734 634
634 635 734
734 735 635
635 636 735
735 736 636
636 637 736
736 737 637
637 638 737
737 738 638
638 639 738
738 739 639
639 640 739
739 740 640
640 641 740
740 741 641
641 642 741
741 742 642
642 643 742
742 743 643
643 644 743
743 744 644
644 645 744
744 745 645
645 646 745
745 746 646
646 647 746
746 747 647
647 648 747
747 748 648
648 649 748
748 749 649
649 650 749
749 750 650
650 651 750
750 751 651
651 652 751
751 752 652
652 653 752
752 753 653
653 654 753
753 754 654
654 655 754
754 755 655
655 656 755
755 756 656
656 657 756
756 757 657
657 658 757
757 758 658
658 659 758
758 759 659
659 660 759
759 760 660
660 661 760
760 761 661
661 662 761
761 762 662
662 663 762
762 763 663
663 664 763
763 764 664
664 665 764
764 765 665
665 666 765
765 766 666
666 667 766
766 767 667
667 668 767
767 768 668
668 669 768
768 769 669
669 670 769
769 770 670
670 671 770
770 771 671
671 672 771
771 772 672
672 673 772
772 773 673
673 674 773
773 774 674
674 675 774
774 775 675
675 676 775
775 776 676
676 677 776
776 777 677
677 678 777
777 778 678
678 679 778
778 779 679
679 680 779
779 780 680
680 681 780
780 781 681
681 682 781
781 782 682
682 683 782
782 783 683
683 684 783
783 784 684
684 685 784
784 785 685
685 686 785
785 786 686
686 687 786
786 787 687
687 688 787
787 788 688
688 689 788
788 789 689
689 690 789
789 790 690
690 691 790
790 791 691
691 692 791
791 792 692
692 693 792
792 793 693
693 694 793
793 794 694
694 695 794
794 795 695
695 696 795
795 796 696
696 697 796
796 797 697
697 698 797
797 798 698
698 699 798
798 799 699
700 701 800
800 801 701
701 702 801
801 802 702
702 703 802
802 803 703
703 704 803
803 804 704
704 705 804
804 805 705
705 706 805
805 806 706
706 707 806
806 807 707
707 708 807
807 808 708
708 709 808
808 809 709
709 710 809
809 810 710
710 711 810
810 811 711
711 712 811
811 812 712
712 713 812
812 813 713
713 714 813
813 814 714
714 715 814
814 815 715
715 716 815
815 816 716
716 717 816
816 817 717
717 718 817
817 818 718
718 719 818
818 819 719
719 720 819
819 820 720
720 721 820
820 821 721
721 722 821
821 822 722
722 723 822
822 823 723
723 724 823
823 824 724
724 725 824
824 825 725
725 726 825
825 826 726
726 727 826
826 827 727
727 728 827
827 828 728
728 729 828
828 829 729
729 730 829
829 830 730
730 731 830
830 831 731
731 732 831
831 832 732
732 733 832
832 833 733
733 734 833
833 834 734
734 735 834
834 835 735
735 736 835
835 836 736
736 737 836
836 837 737
737 738 837
837 838 738
738 739 838
838 839 739
739 740 839
839 840 740
740 741 840
840 841 741
741 742 841
841 842 742
742 743 842
842 843 743
743 744 843
843 844 744
744 745 844
844 845 745
745 746 845
845 846 746
746 747 846
846 847 747
747 748 847
847 848 748
748 749 848
848 849 749
749 750 849
849 850 750
750 751 850
850 851 751
751 752 851
851 852 752
752 753 852
852 853 753
753 754 853
853 854 754
754 755 854
854 855 755
755 756 855
855 856 756
756 757 856
856 857 757
757 758 857
857 858 758
758 759 858
858 859 759
759 760 859
859 860 760
760 761 860
860 861 761
761 762 861
861 862 762
762 763 862
862 863 763
763 764 863
863 864 764
764 765 864
864 865 765
765 766 865
865 866 766
766 767 866
866 867 767
767 768 867
867 868 768
768 769 868
868 869 769
769 770 869
869 870 770
770 771 870
870 871 771
771 772 871
871 872 772
772 773 872
872 873 773
773 774 873
873 874 774
774 775 874
874 875 775
775 776 875
875 876 776
776 777 876
876 877 777
777 778 877
877 878 778
778 779 878
878 879 779
779 780 879
879 880 780
780 781 880
880 881 781
781 782 881
881 882 782
782 783 882
882 883 783
783 784 883
883 884 784
784 785 884
884 885 785
785 786 885
885 886 786
786 787 886
886 887 787
787 788 887
887 888 788
788 789 888
888 889 789
789 790 889
889 890 790
790 791 890
890 891 791
791 792 891
891 892 792
792 793 892
892 893 793
793 794 893
893 894 794
794 795 894
894 895 795
795 796 895
895 896 796
796 797 896
896 897 797
797 798 897
897 898 798
798 799 898
898 899 799
800 801 900
900 901 801
801 802 901
901 902 802
802 803 902
902 903 803
803 804 903
903 904 804
804 805 904
904 905 805
805 806 905
905 906 806
806 807 906
906 907 807
807 808 907
907 908 808
808 809 908
908 909 809
809 810 909
909 910 810
810 811 910
910 911 811
811 812 911
911 912 812
812 813 912
912 913 813
813 814 913
913 914 814
814 815 914
914 915 815
815 816 915
915 916 816
816 817 916
916 917 817
817 818 917
917 918 818
818 819 918
918 919 819
819 820 919
919 920 820
820 821 920
920 921 821
821 822 921
921 922 822
822 823 922
922 923 823
823 824 923
923 924 824
824 825 924
924 925 825
825 826 925
925 926 826
826 827 926
926 927 827
827 828 927
927 928 828
828 829 928
928 929 829
829 830 929
929 930 830
830 831 930
930 931 831
831 832 931
931 932 832
832 833 932
932 933 833
833 834 933
933 934 834
834 835 934
934 935 835
835 836 935
935 936 836
836 837 936
936 937 837
837 838 937
937 938 838
838 839 938
938 939 839
839 840 939
939 940 840
840 841 940
940 941 841
841 842 941
941 942 842
842 843 942
942 943 843
843 844 943
943 944 844
844 845 944
944 945 845
845 846 945
945 946 846
846 847 946
946 947 847
847 848 947
947 948 848
848 849 948
948 949 849
849 850 949
949 950 850
850 851 950
950 951 851
851 852 951
951 952 852
852 853 952
952 953 853
853 854 953
953 954 854
854 855 954
954 955 855
855 856 955
955 956 856
856 857 956
956 957 857
857 858 957
957 958 858
858 859 958
958 959 859
859 860 959
959 960 860
860 861 960
960 961 861
861 862 961
961 962 862
862 863 962
962 963 863
863 864 963
963 964 864
864 865 964
964 965 865
865 866 965
965 966 866
866 867 966
966 967 867
867 868 967
967 968 868
868 869 968
968 969 869
869 870 969
969 970 870
870 871 970
970 971 871
871 872 971
971 972 872
872 873 972
972 973 873
873 874 973
973 974 874
874 875 974
974 975 875
875 876 975
975 976 876
876 877 976
976 977 877
877 878 977
977 978 878
878 879 978
978 979 879
879 880 979
979 980 880
880 881 980
980 981 881
881 882 981
981 982 882
882 883 982
982 983 883
883 884 983
983 984 884
884 885 984
984 985 885
885 886 985
985 986 886
886 887 986
986 987 887
887 888 987
987 988 888
888 889 988
988 989 889
889 890 989
989 990 890
890 891 990
990 991 891
891 892 991
991 992 892
892 893 992
992 993 893
893 894 993
993 994 894
894 895 994
994 995 895
895 896 995
995 996 896
896 897 996
996 997 897
897 898 997
997 998 898
898 899 998
998 999 899
900 901 1000
1000 1001 901
901 902 1001
1001 1002 902
902 903 1002
1002 1003 903
903 904 1003
1003 1004 904
904 905 1004
1004 1005 905
905 906 1005
1005 1006 906
906 907 1006
1006 1007 907
907 908 1007
1007 1008 908
908 909 1008
1008 1009 909
909 910 1009
1009 1010 910
910 911 1010
1010 1011 911
911 912 1011
1011 1012 912
912 913 1012
1012 1013 913
913 914 1013
1013 1014 914
914 915 1014
1014 1015 915
915 916 1015
1015 1016 916
916 917 1016
1016 1017 917
917 918 1017
1017 1018 918
918 919 1018
1018 1019 919
919 920 1019
1019 1020 920
920 921 1020
1020 1021 921
921 922 1021
1021 1022 922
922 923 1022
1022 1023 923
923 924 1023
1023 1024 924
924 925 1024
1024 1025 925
925 926 1025
1025 1026 926
926 927 1026
1026 1027 927
927 928 1027
1027 1028 928
928 929 1028
1028 1029 929
929 930 1029
1029 1030 930
930 931 1030
1030 1031 931
931 932 1031
1031 1032 932
932 933 1032
1032 1033 933
933 934 1033
1033 1034 934
934 935 1034
1034 1035 935
935 936 1035
1035 1036 936
936 937 1036
1036 1037 937
937 938 1037
1037 1038 938
938 939 1038
1038 1039 939
939 940 1039
1039 1040 940
940 941 1040
1040 1041 941
941 942 1041
1041 1042 942
942 943 1042
1042 1043 943
943 944 1043
1043 1044 944
944 945 1044
1044 1045 945
945 946 1045
1045 1046 946
946 947 1046
1046 1047 947
947 948 1047
1047 1048 948
948 949 1048
1048 1049 949
949 950 1049
1049 1050 950
950 951 1050
1050 1051 951
951 952 1051
1051 1052 952
952 953 1052
1052 1053 953
953 954 1053
1053 1054 954
954 955 1054
1054 1055 955
955 956 1055
1055 1056 956
956 957 1056
1056 1057 957
957 958 1057
1057 1058 958
958 959 1058
1058 1059 959
959 960 1059
1059 1060 960
960 961 1060
1060 1061 961
961 962 1061
1061 1062 962
962 963 1062
1062 1063 963
963 964 1063
1063 1064 964
964 965 1064
1064 1065 965
965 966 1065
1065 1066 966
966 967 1066
1066 1067 967
967 968 1067
1067 1068 968
968 969 1068
1068 1069 969
969 970 1069
1069 1070 970
970 971 1070
1070 1071 971
971 972 1071
1071 1072 972
972 973 1072
1072 1073 973
973 974 1073
1073 1074 974
974 975 1074
1074 1075 975
975 976 1075
1075 1076 976
976 977 1076
1076 1077 977
977 978 1077
1077 1078 978
978 979 1078
1078 1079 979
979 980 1079
1079 1080 980
980 981 1080
1080 1081 981
981 982 1081
1081 1082 982
982 983 1082
1082 1083 983
983 984 1083
1083 1084 984
984 985 1084
1084 1085 985
985 986 1085
1085 1086 986
986 987 1086
1086 1087 987
987 988 1087
1087 1088 988
988 989 1088
1088 1089 989
989 990 1089
1089 1090 990
990 991 1090
1090 1091 991
991 992 1091
1091 1092 992
992 993 1092
1092 1093 993
993 994 1093
1093 1094 994
994 995 1094
1094 1095 995
995 996 1095
1095 1096 996
996 997 1096
1096 1097 997
997 998 1097
1097 1098 998
998 999 1098
1098 1099 999
1000 1001 1100
1100 1101 1001
1001 1002 1101
1101 1102 1002
1002 1003 1102
1102 1103 1003
1003 1004 1103
1103 1104 1004
1004 1005 1104
1104 1105 1005
1005 1006 1105
1105 1106 1006
1006 1007 1106
1106 1107 1007
1007 1008 1107
1107 1108 1008
1008 1009 1108
1108 1109 1009
1009 1010 1109
1109 1110 1010
1010 1011 1110
1110 1111 1011
1011 1012 1111
1111 1112 1012
1012 1013 1112
1112 1113 1013
1013 1014 1113
1113 1114 1014
1014 1015 1114
1114 1115 1015
1015 1016 1115
1115 1116 1016
1016 1017 1116
1116 1117 1017
1017 1018 1117
1117 1118 1018
1018 1019 1118
1118 1119 1019
1019 1020 1119
1119 1120 1020
1020 1021 1120
1120 1121 1021
1021 1022 1121
1121 1122 1022
1022 1023 1122
1122 1123 1023
1023 1024 1123
1123 1124 1024
1024 1025 1124
1124 1125 1025
1025 1026 1125
1125 1126 1026
1026 1027 1126
1126 1127 1027
1027 1028 1127
1127 1128 1028
1028 1029 1128
1128 1129 1029
1029 1030 1129
1129 1130 1030
1030 1031 1130
1130 1131 1031
1031 1032 1131
1131 1132 1032
1032 1033 1132
1132 1133 1033
1033 1034 1133
1133 1134 1034
1034 1035 1134
1134 1135 1035
1035 1036 1135
1135 1136 1036
1036 1037 1136
1136 1137 1037
1037 1038 1137
1137 1138 1038
1038 1039 1138
1138 1139 1039
1039 1040 1139
1139 1140 1040
1040 1041 1140
1140 1141 1041
1041 1042 1141
1141 1142 1042
1042 1043 1142
1142 1143 1043
1043 1044 1143
1143 1144 1044
1044 1045 1144
1144 1145 1045
1045 1046 1145
1145 1146 1046
1046 1047 1146
1146 1147 1047
1047 1048 1147
1147 1148 1048
1048 1049 1148
1148 1149 1049
1049 1050 1149
1149 1150 1050
1050 1051 1150
1150 1151 1051
1051 1052 1151
1151 1152 1052
1052 1053 1152
1152 1153 1053
1053 1054 1153
1153 1154 1054
1054 1055 1154
1154 1155 1055
1055 1056 1155
1155 1156 1056
1056 1057 1156
1156 1157 1057
1057 1058 1157
1157 1158 1058
1058 1059 1158
1158 1159 1059
1059 1060 1159
1159 1160 1060
1060 1061 1160
1160 1161 1061
1061 1062 1161
1161 1162 1062
1062 1063 1162
1162 1163 1063
1063 1064 1163
1163 1164 1064
1064 1065 1164
1164 1165 1065
1065 1066 1165
1165 1166 1066
1066 1067 1166
1166 1167 1067
1067 1068 1167
1167 1168 1068
1068 1069 1168
1168 1169 1069
1069 1070 1169
1169 1170 1070
1070 1071 1170
1170 1171 1071
1071 1072 1171
1171 1172 1072
1072 1073 1172
1172 1173 1073
1073 1074 1173
1173 1174 1074
1074 1075 1174
1174 1175 1075
1075 1076 1175
1175 1176 1076
1076 1077 1176
1176 1177 1077
1077 1078 1177
1177 1178 1078
1078 1079 1178
1178 1179 1079
1079 1080 1179
1179 1180 1080
1080 1081 1180
1180 1181 1081
1081 1082 1181
1181 1182 1082
1082 1083 1182
1182 1183 1083
1083 1084 1183
1183 1184 1084
1084 1085 1184
1184 1185 1085
1085 1086 1185
1185 1186 1086
1086 1087 1186
1186 1187 1087
1087 1088 1187
1187 1188 1088
1088 1089 1188
1188 1189 1089
1089 1090 1189
1189 1190 1090
1090 1091 1190
1190 1191 1091
1091 1092 1191
1191 1192 1092
1092 1093 1192
1192 1193 1093
1093 1094 1193
1193 1194 1094
1094 1095 1194
1194 1195 1095
1095 1096 1195
1195 1196 1096
1096 1097 1196
1196 1197 1097
1097 1098 1197
1197 1198 1098
1098 1099 1198
1198 1199 1099
1100 1101 1200
1200 1201 1101
1101 1102 1201
1201 1202 1102
1102 1103 1202
1202 1203 1103
1103 1104 1203
1203 1204 1104
1104 1105 1204
1204 1205 1105
1105 1106 1205
1205 1206 1106
1106 1107 1206
1206 1207 1107
1107 1108 1207
1207 1208 1108
1108 1109 1208
1208 1209 1109
1109 1110 1209
1209 1210 1110
1110 1111 1210
1210 1211 1111
1111 1112 1211
1211 1212 1112
1112 1113 1212
1212 1213 1113
1113 1114 1213
1213 1214 1114
1114 1115 1214
1214 1215 1115
1115 1116 1215
1215 1216 1116
1116 1117 1216
1216 1217 1117
1117 1118 1217
1217 1218 1118
1118 1119 1218
1218 1219 1119
1119 1120 1219
1219 1220 1120
1120 1121 1220
1220 1221 1121
1121 1122 1221
1221 1222 1122
1122 1123 1222
1222 1223 1123
1123 1124 1223
1223 1224 1124
1124 1125 1224
1224 1225 1125
1125 1126 1225
1225 1226 1126
1126 1127 1226
1226 1227 1127
1127 1128 1227
1227 1228 1128
1128 1129 1228
1228 1229 1129
1129 1130 1229
1229 1230 1130
1130 1131 1230
1230 1231 1131
1131 1132 1231
1231 1232 1132
1132 1133 1232
1232 1233 1133
1133 1134 1233
1233 1234 1134
1134 1135 1234
1234 1235 1135
1135 1136 1235
1235 1236 1136
1136 1137 1236
1236 1237 1137
1137 1138 1237
1237 1238 1138
1138 1139 1238
1238 1239 1139
1139 1140 1239
1239 1240 1140
1140 1141 1240
1240 1241 1141
1141 1142 1241
1241 1242 1142
1142 1143 1242
1242 1243 1143
1143 1144 1243
1243 1244 1144
1144 1145 1244
1244 1245 1145
1145 1146 1245
1245 1246 1146
1146 1147 1246
1246 1247 1147
1147 1148 1247
1247 1248 1148
1148 1149 1248
1248 1249 1149
1149 1150 1249
1249 1250 1150
1150 1151 1250
1250 1251 1151
1151 1152 1251
1251 1252 1152
1152 1153 1252
1252 1253 1153
1153 1154 1253
1253 1254 1154
1154 1155 1254
1254 1255 1155
1155 1156 1255
1255 1256 1156
1156 1157 1256
1256 1257 1157
1157 1158 1257
1257 1258 1158
1158 1159 1258
1258 1259 1159
1159 1160 1259
1259 1260 1160
1160 1161 1260
1260 1261 1161
1161 1162 1261
1261 1262 1162
1162 1163 1262
1262 1263 1163
1163 1164 1263
1263 1264 1164
1164 1165 1264
1264 1265 1165
1165 1166 1265
1265 1266 1166
1166 1167 1266
1266 1267 1167
1167 1168 1267
1267 1268 1168
1168 1169 1268
1268 1269 1169
1169 1170 1269
1269 1270 1170
1170 1171 1270
1270 1271 1171
1171 1172 1271
1271 1272 1172
1172 1173 1272
1272 1273 1173
1173 1174 1273
1273 1274 1174
1174 1175 1274
1274 1275 1175
1175 1176 1275
1275 1276 1176
1176 1177 1276
1276 1277 1177
1177 1178 1277
1277 1278 1178
1178 1179 1278
1278 1279 1179
1179 1180 1279
1279 1280 1180
1180 1181 1280
1280 1281 1181
1181 1182 1281
1281 1282 1182
1182 1183 1282
1282 1283 1183
1183 1184 1283
1283 1284 1184
1184 1185 1284
1284 1285 1185
1185 1186 1285
1285 1286 1186
1186 1187 1286
1286 1287 1187
1187 1188 1287
1287 1288 1188
1188 1189 1288
1288 1289 1189
1189 1190 1289
1289 1290 1190
1190 1191 1290
1290 1291 1191
1191 1192 1291
1291 1292 1192
1192 1193 1292
1292 1293 1193
1193 1194 1293
1293 1294 1194
1194 1195 1294
1294 1295 1195
1195 1196 1295
1295 1296 1196
1196 1197 1296
1296 1297 1197
1197 1198 1297
1297 1298 1198
1198 1199 1298
1298 1299 1199
1200 1201 1300
1300 1301 1201
1201 1202 1301
1301 1302 1202
1202 1203 1302
1302 1303 1203
1203 1204 1303
1303 1304 1204
1204 1205 1304
1304 1305 1205
1205 1206 1305
1305 1306 1206
1206 1207 1306
1306 1307 1207
1207 1208 1307
1307 1308 1208
1208 1209 1308
1308 1309 1209
1209 1210 1309
1309 1310 1210
1210 1211 1310
1310 1311 1211
1211 1212 1311
1311 1312 1212
1212 1213 1312
1312 1313 1213
1213 1214 1313
1313 1314 1214
1214 1215 1314
1314 1315 1215
1215 1216 1315
1315 1316 1216
1216 1217 1316
1316 1317 1217
1217 1218 1317
1317 1318 1218
1218 1219 1318
1318 1319 1219
1219 1220 1319
1319 1320 1220
1220 1221 1320
1320 1321 1221
1221 1222 1321
1321 1322 1222
1222 1223 1322
1322 1323 1223
1223 1224 1323
1323 1324 1224
1224 1225 1324
1324 1325 1225
1225 1226 1325
1325 1326 1226
1226 1227 1326
1326 1327 1227
1227 1228 1327
1327 1328 1228
1228 1229 1328
1328 1329 1229
1229 1230 1329
1329 1330 1230
1230 1231 1330
1330 1331 1231
1231 1232 1331
1331 1332 1232
1232 1233 1332
1332 1333 1233
1233 1234 1333
1333 1334 1234
1234 1235 1334
1334 1335 1235
1235 1236 1335
1335 1336 1236
1236 1237 1336
1336 1337 1237
1237 1238 1337
1337 1338 1238
1238 1239 1338
1338 1339 1239
1239 1240 1339
1339 1340 1240
1240 1241 1340
1340 1341 1241
1241 1242 1341
1341 1342 1242
1242 1243 1342
1342 1343 1243
1243 1244 1343
1343 1344 1244
1244 1245 1344
1344 1345 1245
1245 1246 1345
1345 1346 1246
1246 1247 1346
1346 1347 1247
1247 1248 1347
1347 1348 1248
1248 1249 1348
1348 1349 1249
1249 1250 1349
1349 1350 1250
1250 1251 1350
1350 1351 1251
1251 1252 1351
1351 1352 1252
1252 1253 1352
1352 1353 1253
1253 1254 1353
1353 1354 1254
1254 1255 1354
1354 1355 1255
1255 1256 1355
1355 1356 1256
1256 1257 1356
1356 1357 1257
1257 1258 1357
1357 1358 1258
1258 1259 1358
1358 1359 1259
1259 1260 1359
1359 1360 1260
1260 1261 1360
1360 1361 1261
1261 1262 1361
1361 1362 1262
1262 1263 1362
1362 1363 1263
1263 1264 1363
1363 1364 1264
1264 1265 1364
1364 1365 1265
1265 1266 1365
1365 1366 1266
1266 1267 1366
1366 1367 1267
1267 1268 1367
1367 1368 1268
1268 1269 1368
1368 1369 1269
1269 1270 1369
1369 1370 1270
1270 1271 1370
1370 1371 1271
1271 1272 1371
1371 1372 1272
1272 1273 1372
1372 1373 1273
1273 1274 1373
1373 1374 1274
1274 1275 1374
1374 1375 1275
1275 1276 1375
1375 1376 1276
1276 1277 1376
1376 1377 1277
1277 1278 1377
1377 1378 1278
1278 1279 1378
1378 1379 1279
1279 1280 1379
1379 1380 1280
1280 1281 1380
1380 1381 1281
1281 1282 1381
1381 1382 1282
1282 1283 1382
1382 1383 1283
1283 1284 1383
1383 1384 1284
1284 1285 1384
1384 1385 1285
1285 1286 1385
1385 1386 1286
1286 1287 1386
1386 1387 1287
1287 1288 1387
1387 1388 1288
1288 1289 1388
1388 1389 1289
1289 1290 1389
1389 1390 1290
1290 1291 1390
1390 1391 1291
1291 1292 1391
1391 1392 1292
1292 1293 1392
1392 1393 1293
1293 1294 1393
1393 1394 1294
1294 1295 1394
1394 1395 1295
1295 1296 1395
1395 1396 1296
1296 1297 1396
1396 1397 1297
1297 1298 1397
1397 1398 1298
1298 1299 1398
1398 1399 1299
1300 1301 1400
1400 1401 1301
1301 1302 1401
1401 1402 1302
1302 1303 1402
1402 1403 1303
1303 1304 1403
1403 1404 1304
1304 1305 1404
1404 1405 1305
1305 1306 1405
1405 1406 1306
1306 1307 1406
1406 1407 1307
1307 1308 1407
1407 1408 1308
1308 1309 1408
1408 1409 1309
1309 1310 1409
1409 1410 1310
1310 1311 1410
1410 1411 1311
1311 1312 1411
1411 1412 1312
1312 1313 1412
1412 1413 1313
1313 1314 1413
1413 1414 1314
1314 1315 1414
1414 1415 1315
1315 1316 1415
1415 1416 1316
1316 1317 1416
1416 1417 1317
1317 1318 1417
1417 1418 1318
1318 1319 1418
1418 1419 1319
1319 1320 1419
1419 1420 1320
1320 1321 1420
1420 1421 1321
1321 1322 1421
1421 1422 1322
1322 1323 1422
1422 1423 1323
1323 1324 1423
1423 1424 1324
1324 1325 1424
1424 1425 1325
1325 1326 1425
1425 1426 1326
1326 1327 1426
1426 1427 1327
1327 1328 1427
1427 1428 1328
1328 1329 1428
1428 1429 1329
1329 1330 1429
1429 1430 1330
1330 1331 1430
1430 1431 1331
1331 1332 1431
1431 1432 1332
1332 1333 1432
1432 1433 1333
1333 1334 1433
1433 1434 1334
1334 1335 1434
1434 1435 1335
1335 1336 1435
1435 1436 1336
1336 1337 1436
1436 1437 1337
1337 1338 1437
1437 1438 1338
1338 1339 1438
1438 1439 1339
1339 1340 1439
1439 1440 1340
1340 1341 1440
1440 1441 1341
1341 1342 1441
1441 1442 1342
1342 1343 1442
1442 1443 1343
1343 1344 1443
1443 1444 1344
1344 1345 1444
1444 1445 1345
1345 1346 1445
1445 1446 1346
1346 1347 1446
1446 1447 1347
1347 1348 1447
1447 1448 1348
1348 1349 1448
1448 1449 1349
1349 1350 1449
1449 1450 1350
1350 1351 1450
1450 1451 1351
1351 1352 1451
1451 1452 1352
1352 1353 1452
1452 1453 1353
1353 1354 1453
1453 1454 1354
1354 1355 1454
1454 1455 1355
1355 1356 1455
1455 1456 1356
1356 1357 1456
1456 1457 1357
1357 1358 1457
1457 1458 1358
1358 1359 1458
1458 1459 1359
1359 1360 1459
1459 1460 1360
1360 1361 1460
1460 1461 1361
1361 1362 1461
1461 1462 1362
1362 1363 1462
1462 1463 1363
1363 1364 1463
1463 1464 1364
1364 1365 1464
1464 1465 1365
1365 1366 1465
1465 1466 1366
1366 1367 1466
1466 1467 1367
1367 1368 1467
1467 1468 1368
1368 1369 1468
1468 1469 1369
1369 1370 1469
1469 1470 1370
1370 1371 1470
1470 1471 1371
1371 1372 1471
1471 1472 1372
1372 1373 1472
1472 1473 1373
1373 1374 1473
1473 1474 1374
1374 1375 1474
1474 1475 1375
1375 1376 1475
1475 1476 1376
1376 1377 1476
1476 1477 1377
1377 1378 1477
1477 1478 1378
1378 1379 1478
1478 1479 1379
1379 1380 1479
1479 1480 1380
1380 1381 1480
1480 1481 1381
1381 1382 1481
1481 1482 1382
1382 1383 1482
1482 1483 1383
1383 1384 1483
1483 1484 1384
1384 1385 1484
1484 1485 1385
1385 1386 1485
1485 1486 1386
1386 1387 1486
1486 1487 1387
1387 1388 1487
1487 1488 1388
1388 1389 1488
1488 1489 1389
1389 1390 1489
1489 1490 1390
1390 1391 1490
1490 1491 1391
1391 1392 1491
1491 1492 1392
1392 1393 1492
1492 1493 1393
1393 1394 1493
1493 1494 1394
1394 1395 1494
1494 1495 1395
1395 1396 1495
1495 1496 1396
1396 1397 1496
1496 1497 1397
1397 1398 1497
1497 1498 1398
1398 1399 1498
1498 1499 1399
1400 1401 1500
1500 1501 1401
1401 1402 1501
1501 1502 1402
1402 1403 1502
1502 1503 1403
1403 1404 1503
1503 1504 1404
1404 1405 1504
1504 1505 1405
1405 1406 1505
1505 1506 1406
1406 1407 1506
1506 1507 1407
1407 1408 1507
1507 1508 1408
1408 1409 1508
1508 1509 1409
1409 1410 1509
1509 1510 1410
1410 1411 1510
1510 1511 1411
1411 1412 1511
1511 1512 1412
1412 1413 1512
1512 1513 1413
1413 1414 1513
1513 1514 1414
1414 1415 1514
1514 1515 1415
1415 1416 1515
1515 1516 1416
1416 1417 1516
1516 1517 1417
1417 1418 1517
1517 1518 1418
1418 1419 1518
1518 1519 1419
1419 1420 1519
1519 1520 1420
1420 1421 1520
1520 1521 1421
1421 1422 1521
1521 1522 1422
1422 1423 1522
1522 1523 1423
1423 1424 1523
1523 1524 1424
1424 1425 1524
1524 1525 1425
1425 1426 1525
1525 1526 1426
1426 1427 1526
1526 1527 1427
1427 1428 1527
1527 1528 1428
1428 1429 1528
1528 1529 1429
1429 1430 1529
1529 1530 1430
1430 1431 1530
1530 1531 1431
1431 1432 1531
1531 1532 1432
1432 1433 1532
1532 1533 1433
1433 1434 1533
1533 1534 1434
1434 1435 1534
1534 1535 1435
1435 1436 1535
1535 1536 1436
1436 1437 1536
1536 1537 1437
1437 1438 1537
1537 1538 1438
1438 1439 1538
1538 1539 1439
1439 1440 1539
1539 1540 1440
1440 1441 1540
1540 1541 1441
1441 1442 1541
1541 1542 1442
1442 1443 1542
1542 1543 1443
1443 1444 1543
1543 1544 1444
1444 1445 1544
1544 1545 1445
1445 1446 1545
1545 1546 1446
1446 1447 1546
1546 1547 1447
1447 1448 1547
1547 1548 1448
1448 1449 1548
1548 1549 1449
1449 1450 1549
1549 1550 1450
1450 1451 1550
1550 1551 1451
1451 1452 1551
1551 1552 1452
1452 1453 1552
1552 1553 1453
1453 1454 1553
1553 1554 1454
1454 1455 1554
1554 1555 1455
1455 1456 1555
1555 1556 1456
1456 1457 1556
1556 1557 1457
1457 1458 1557
1557 1558 1458
1458 1459 1558
1558 1559 1459
1459 1460 1559
1559 1560 1460
1460 1461 1560
1560 1561 1461
1461 1462 1561
1561 1562 1462
1462 1463 1562
1562 1563 1463
1463 1464 1563
1563 1564 1464
1464 1465 1564
1564 1565 1465
1465 1466 1565
1565 1566 1466
1466 1467 1566
1566 1567 1467
1467 1468 1567
1567 1568 1468
1468 1469 1568
1568 1569 1469
1469 1470 1569
1569 1570 1470
1470 1471 1570
1570 1571 1471
1471 1472 1571
1571 1572 1472
1472 1473 1572
1572 1573 1473
1473 1474 1573
1573 1574 1474
1474 1475 1574
1574 1575 1475
1475 1476 1575
1575 1576 1476
1476 1477 1576
1576 1577 1477
1477 1478 1577
1577 1578 1478
1478 1479 1578
1578 1579 1479
1479 1480 1579
1579 1580 1480
1480 1481 1580
1580 1581 1481
1481 1482 1581
1581 1582 1482
1482 1483 1582
1582 1583 1483
1483 1484 1583
1583 1584 1484
1484 1485 1584
1584 1585 1485
1485 1486 1585
1585 1586 1486
1486 1487 1586
1586 1587 1487
1487 1488 1587
1587 1588 1488
1488 1489 1588
1588 1589 1489
1489 1490 1589
1589 1590 1490
1490 1491 1590
1590 1591 1491
1491 1492 1591
1591 1592 1492
1492 1493 1592
1592 1593 1493
1493 1494 1593
1593 1594 1494
1494 1495 1594
1594 1595 1495
1495 1496 1595
1595 1596 1496
1496 1497 1596
1596 1597 1497
1497 1498 1597
1597 1598 1498
1498 1499 1598
1598 1599 1499
1500 1501 1600
1600 1601 1501
1501 1502 1601
1601 1602 1502
1502 1503 1602
1602 1603 1503
1503 1504 1603
1603 1604 1504
1504 1505 1604
1604 1605 1505
1505 1506 1605
1605 1606 1506
1506 1507 1606
1606 1607 1507
1507 1508 1607
1607 1608 1508
1508 1509 1608
1608 1609 1509
1509 1510 1609
1609 1610 1510
1510 1511 1610
1610 1611 1511
1511 1512 1611
1611 1612 1512
1512 1513 1612
1612 1613 1513
1513 1514 1613
1613 1614 1514
1514 1515 1614
1614 1615 1515
1515 1516 1615
1615 1616 1516
1516 1517 1616
1616 1617 1517
1517 1518 1617
1617 1618 1518
1518 1519 1618
1618 1619 1519
1519 1520 1619
1619 1620 1520
1520 1521 1620
1620 1621 1521
1521 1522 1621
1621 1622 1522
1522 1523 1622
1622 1623 1523
1523 1524 1623
1623 1624 1524
1524 1525 1624
1624 1625 1525
1525 1526 1625
1625 1626 1526
1526 1527 1626
1626 1627 1527
1527 1528 1627
1627 1628 1528
1528 1529 1628
1628 1629 1529
1529 1530 1629
1629 1630 1530
1530 1531 1630
1630 1631 1531
1531 1532 1631
1631 1632 1532
1532 1533 1632
1632 1633 1533
1533 1534 1633
1633 1634 1534
1534 1535 1634
1634 1635 1535
1535 1536 1635
1635 1636 1536
1536 1537 1636
1636 1637 1537
1537 1538 1637
1637 1638 1538
1538 1539 1638
1638 1639 1539
1539 1540 1639
1639 1640 1540
1540 1541 1640
1640 1641 1541
1541 1542 1641
1641 1642 1542
1542 1543 1642
1642 1643 1543
1543 1544 1643
1643 1644 1544
1544 1545 1644
1644 1645 1545
1545 1546 1645
1645 1646 1546
1546 1547 1646
1646 1647 1547
1547 1548 1647
1647 1648 1548
1548 1549 1648
1648 1649 1549
1549 1550 1649
1649 1650 1550
1550 1551 1650
1650 1651 1551
1551 1552 1651
1651 1652 1552
1552 1553 1652
1652 1653 1553
1553 1554 1653
1653 1654 1554
1554 1555 1654
1654 1655 1555
1555 1556 1655
1655 1656 1556
1556 1557 1656
1656 1657 1557
1557 1558 1657
1657 1658 1558
1558 1559 1658
1658 1659 1559
1559 1560 1659
1659 1660 1560
1560 1561 1660
1660 1661 1561
1561 1562 1661
1661 1662 1562
1562 1563 1662
1662 1663 1563
1563 1564 1663
1663 1664 1564
1564 1565 1664
1664 1665 1565
1565 1566 1665
1665 1666 1566
1566 1567 1666
1666 1667 1567
1567 1568 1667
1667 1668 1568
1568 1569 1668
1668 1669 1569
1569 1570 1669
1669 1670 1570
1570 1571 1670
1670 1671 1571
1571 1572 1671
1671 1672 1572
1572 1573 1672
1672 1673 1573
1573 1574 1673
1673 1674 1574
1574 1575 1674
1674 1675 1575
1575 1576 1675
1675 1676 1576
1576 1577 1676
1676 1677 1577
1577 1578 1677
1677 1678 1578
1578 1579 1678
1678 1679 1579
1579 1580 1679
1679 1680 1580
1580 1581 1680
1680 1681 1581
1581 1582 1681
1681 1682 1582
1582 1583 1682
1682 1683 1583
1583 1584 1683
1683 1684 1584
1584 1585 1684
1684 1685 1585
1585 1586 1685
1685 1686 1586
1586 1587 1686
1686 1687 1587
1587 1588 1687
1687 1688 1588
1588 1589 1688
1688 1689 1589
1589 1590 1689
1689 1690 1590
1590 1591 1690
1690 1691 1591
1591 1592 1691
1691 1692 1592
1592 1593 1692
1692 1693 1593
1593 1594 1693
1693 1694 1594
1594 1595 1694
1694 1695 1595
1595 1596 1695
1695 1696 1596
1596 1597 1696
1696 1697 1597
1597 1598 1697
1697 1698 1598
1598 1599 1698
1698 1699 1599
1600 1601 1700
1700 1701 1601
1601 1602 1701
1701 1702 1602
1602 1603 1702
1702 1703 1603
1603 1604 1703
1703 1704 1604
1604 1605 1704
1704 1705 1605
1605 1606 1705
1705 1706 1606
1606 1607 1706
1706 1707 1607
1607 1608 1707
1707 1708 1608
1608 1609 1708
1708 1709 1609
1609 1610 1709
1709 1710 1610
1610 1611 1710
1710 1711 1611
1611 1612 1711
1711 1712 1612
1612 1613 1712
1712 1713 1613
1613 1614 1713
1713 1714 1614
1614 1615 1714
1714 1715 1615
1615 1616 1715
1715 1716 1616
1616 1617 1716
1716 1717 1617
1617 1618 1717
1717 1718 1618
1618 1619 1718
1718 1719 1619
1619 1620 1719
1719 1720 1620
1620 1621 1720
1720 1721 1621
1621 1622 1721
1721 1722 1622
1622 1623 1722
1722 1723 1623
1623 1624 1723
1723 1724 1624
1624 1625 1724
1724 1725 1625
1625 1626 1725
1725 1726 1626
1626 1627 1726
1726 1727 1627
1627 1628 1727
1727 1728 1628
1628 1629 1728
1728 1729 1629
1629 1630 1729
1729 1730 1630
1630 1631 1730
1730 1731 1631
1631 1632 1731
1731 1732 1632
1632 1633 1732
1732 1733 1633
1633 1634 1733
1733 1734 1634
1634 1635 1734
1734 1735 1635
1635 1636 1735
1735 1736 1636
1636 1637 1736
1736 1737 1637
1637 1638 1737
1737 1738 1638
1638 1639 1738
1738 1739 1639
1639 1640 1739
1739 1740 1640
1640 1641 1740
1740 1741 1641
1641 1642 1741
1741 1742 1642
1642 1643 1742
1742 1743 1643
1643 1644 1743
1743 1744 1644
1644 1645 1744
1744 1745 1645
1645 1646 1745
1745 1746 1646
1646 1647 1746
1746 1747 1647
1647 1648 1747
1747 1748 1648
1648 1649 1748
1748 1749 1649
1649 1650 1749
1749 1750 1650
1650 1651 1750
1750 1751 1651
1651 1652 1751
1751 1752 1652
1652 1653 1752
1752 1753 1653
1653 1654 1753
1753 1754 1654
1654 1655 1754
1754 1755 1655
1655 1656 1755
1755 1756 1656
1656 1657 1756
1756 1757 1657
1657 1658 1757
1757 1758 1658
1658 1659 1758
1758 1759 1659
1659 1660 1759
1759 1760 1660
1660 1661 1760
1760 1761 1661
1661 1662 1761
1761 1762 1662
1662 1663 1762
1762 1763 1663
1663 1664 1763
1763 1764 1664
1664 1665 1764
1764 1765 1665
1665 1666 1765
1765 1766 1666
1666 1667 1766
1766 1767 1667
1667 1668 1767
1767 1768 1668
1668 1669 1768
1768 1769 1669
1669 1670 1769
1769 1770 1670
1670 1671 1770
1770 1771 1671
1671 1672 1771
1771 1772 1672
1672 1673 1772
1772 1773 1673
1673 1674 1773
1773 1774 1674
1674 1675 1774
1774 1775 1675
1675 1676 1775
1775 1776 1676
1676 1677 1776
1776 1777 1677
1677 1678 1777
1777 1778 1678
1678 1679 1778
1778 1779 1679
1679 1680 1779
1779 1780 1680
1680 1681 1780
1780 1781 1681
1681 1682 1781
1781 1782 1682
1682 1683 1782
1782 1783 1683
1683 1684 1783
1783 1784 1684
1684 1685 1784
1784 1785 1685
1685 1686 1785
1785 1786 1686
1686 1687 1786
1786 1787 1687
1687 1688 1787
1787 1788 1688
1688 1689 1788
1788 1789 1689
1689 1690 1789
1789 1790 1690
1690 1691 1790
1790 1791 1691
1691 1692 1791
1791 1792 1692
1692 1693 1792
1792 1793 1693
1693 1694 1793
1793 1794 1694
1694 1695 1794
1794 1795 1695
1695 1696 1795
1795 1796 1696
1696 1697 1796
1796 1797 1697
1697 1698 1797
1797 1798 1698
1698 1699 1798
1798 1799 1699
1700 1701 1800
1800 1801 1701
1701 1702 1801
1801 1802 1702
1702 1703 1802
1802 1803 1703
1703 1704 1803
1803 1804 1704
1704 1705 1804
1804 1805 1705
1705 1706 1805
1805 1806 1706
1706 1707 1806
1806 1807 1707
1707 1708 1807
1807 1808 1708
1708 1709 1808
1808 1809 1709
1709 1710 1809
1809 1810 1710
1710 1711 1810
1810 1811 1711
1711 1712 1811
1811 1812 1712
1712 1713 1812
1812 1813 1713
1713 1714 1813
1813 1814 1714
1714 1715 1814
1814 1815 1715
1715 1716 1815
1815 1816 1716
1716 1717 1816
1816 1817 1717
1717 1718 1817
1817 1818 1718
1718 1719 1818
1818 1819 1719
1719 1720 1819
1819 1820 1720
1720 1721 1820
1820 1821 1721
1721 1722 1821
1821 1822 1722
1722 1723 1822
1822 1823 1723
1723 1724 1823
1823 1824 1724
1724 1725 1824
1824 1825 1725
1725 1726 1825
1825 1826 1726
1726 1727 1826
1826 1827 1727
1727 1728 1827
1827 1828 1728
1728 1729 1828
1828 1829 1729
1729 1730 1829
1829 1830 1730
1730 1731 1830
1830 1831 1731
1731 1732 1831
1831 1832 1732
1732 1733 1832
1832 1833 1733
1733 1734 1833
1833 1834 1734
1734 1735 1834
1834 1835 1735
1735 1736 1835
1835 1836 1736
1736 1737 1836
1836 1837 1737
1737 1738 1837
1837 1838 1738
1738 1739 1838
1838 1839 1739
1739 1740 1839
1839 1840 1740
1740 1741 1840
1840 1841 1741
1741 1742 1841
1841 1842 1742
1742 1743 1842
1842 1843 1743
1743 1744 1843
1843 1844 1744
1744 1745 1844
1844 1845 1745
1745 1746 1845
1845 1846 1746
1746 1747 1846
1846 1847 1747
1747 1748 1847
1847 1848 1748
1748 1749 1848
1848 1849 1749
1749 1750 1849
1849 1850 1750
1750 1751 1850
1850 1851 1751
1751 1752 1851
1851 1852 1752
1752 1753 1852
1852 1853 1753
1753 1754 1853
1853 1854 1754
1754 1755 1854
1854 1855 1755
1755 1756 1855
1855 1856 1756
1756 1757 1856
1856 1857 1757
1757 1758 1857
1857 1858 1758
1758 1759 1858
1858 1859 1759
1759 1760 1859
1859 1860 1760
1760 1761 1860
1860 1861 1761
1761 1762 1861
1861 1862 1762
1762 1763 1862
1862 1863 1763
1763 1764 1863
1863 1864 1764
1764 1765 1864
1864 1865 1765
1765 1766 1865
1865 1866 1766
1766 1767 1866
1866 1867 1767
1767 1768 1867
1867 1868 1768
1768 1769 1868
1868 1869 1769
1769 1770 1869
1869 1870 1770
1770 1771 1870
1870 1871 1771
1771 1772 1871
1871 1872 1772
1772 1773 1872
1872 1873 1773
1773 1774 1873
1873 1874 1774
1774 1775 1874
1874 1875 1775
1775 1776 1875
1875 1876 1776
1776 1777 1876
1876 1877 1777
1777 1778 1877
1877 1878 1778
1778 1779 1878
1878 1879 1779
1779 1780 1879
1879 1880 1780
1780 1781 1880
1880 1881 1781
1781 1782 1881
1881 1882 1782
1782 1783 1882
1882 1883 1783
1783 1784 1883
1883 1884 1784
1784 1785 1884
1884 1885 1785
1785 1786 1885
1885 1886 1786
1786 1787 1886
1886 1887 1787
1787 1788 1887
1887 1888 1788
1788 1789 1888
1888 1889 1789
1789 1790 1889
1889 1890 1790
1790 1791 1890
1890 1891 1791
1791 1792 1891
1891 1892 1792
1792 1793 1892
1892 1893 1793
1793 1794 1893
1893 1894 1794
1794 1795 1894
1894 1895 1795
1795 1796 1895
1895 1896 1796
1796 1797 1896
1896 1897 1797
1797 1798 1897
1897 1898 1798
1798 1799 1898
1898 1899 1799
1800 1801 1900
1900 1901 1801
1801 1802 1901
1901 1902 1802
1802 1803 1902
1902 1903 1803
1803 1804 1903
1903 1904 1804
1804 1805 1904
1904 1905 1805
1805 1806 1905
1905 1906 1806
1806 1807 1906
1906 1907 1807
1807 1808 1907
1907 1908 1808
1808 1809 1908
1908 1909 1809
1809 1810 1909
1909 1910 1810
1810 1811 1910
1910 1911 1811
1811 1812 1911
1911 1912 1812
1812 1813 1912
1912 1913 1813
1813 1814 1913
1913 1914 1814
1814 1815 1914
1914 1915 1815
1815 1816 1915
1915 1916 1816
1816 1817 1916
1916 1917 1817
1817 1818 1917
1917 1918 1818
1818 1819 1918
1918 1919 1819
1819 1820 1919
1919 1920 1820
1820 1821 1920
1920 1921 1821
1821 1822 1921
1921 1922 1822
1822 1823 1922
1922 1923 1823
1823 1824 1923
1923 1924 1824
1824 1825 1924
1924 1925 1825
1825 1826 1925
1925 1926 1826
1826 1827 1926
1926 1927 1827
1827 1828 1927
1927 1928 1828
1828 1829 1928
1928 1929 1829
1829 1830 1929
1929 1930 1830
1830 1831 1930
1930 1931 1831
1831 1832 1931
1931 1932 1832
1832 1833 1932
1932 1933 1833
1833 1834 1933
1933 1934 1834
1834 1835 1934
1934 1935 1835
1835 1836 1935
1935 1936 1836
1836 1837 1936
1936 1937 1837
1837 1838 1937
1937 1938 1838
1838 1839 1938
1938 1939 1839
1839 1840 1939
1939 1940 1840
1840 1841 1940
1940 1941 1841
1841 1842 1941
1941 1942 1842
1842 1843 1942
1942 1943 1843
1843 1844 1943
1943 1944 1844
1844 1845 1944
1944 1945 1845
1845 1846 1945
1945 1946 1846
1846 1847 1946
1946 1947 1847
1847 1848 1947
1947 1948 1848
1848 1849 1948
1948 1949 1849
1849 1850 1949
1949 1950 1850
1850 1851 1950
1950 1951 1851
1851 1852 1951
1951 1952 1852
1852 1853 1952
1952 1953 1853
1853 1854 1953
1953 1954 1854
1854 1855 1954
1954 1955 1855
1855 1856 1955
1955 1956 1856
1856 1857 1956
1956 1957 1857
1857 1858 1957
1957 1958 1858
1858 1859 1958
1958 1959 1859
1859 1860 1959
1959 1960 1860
1860 1861 1960
1960 1961 1861
1861 1862 1961
1961 1962 1862
1862 1863 1962
1962 1963 1863
1863 1864 1963
1963 1964 1864
1864 1865 1964
1964 1965 1865
1865 1866 1965
1965 1966 1866
1866 1867 1966
1966 1967 1867
1867 1868 1967
1967 1968 1868
1868 1869 1968
1968 1969 1869
1869 1870 1969
1969 1970 1870
1870 1871 1970
1970 1971 1871
1871 1872 1971
1971 1972 1872
1872 1873 1972
1972 1973 1873
1873 1874 1973
1973 1974 1874
1874 1875 1974
1974 1975 1875
1875 1876 1975
1975 1976 1876
1876 1877 1976
1976 1977 1877
1877 1878 1977
1977 1978 1878
1878 1879 1978
1978 1979 1879
1879 1880 1979
1979 1980 1880
1880 1881 1980
1980 1981 1881
1881 1882 1981
1981 1982 1882
1882 1883 1982
1982 1983 1883
1883 1884 1983
1983 1984 1884
1884 1885 1984
1984 1985 1885
1885 1886 1985
1985 1986 1886
1886 1887 1986
1986 1987 1887
1887 1888 1987
1987 1988 1888
1888 1889 1988
1988 1989 1889
1889 1890 1989
1989 1990 1890
1890 1891 1990
1990 1991 1891
1891 1892 1991
1991 1992 1892
1892 1893 1992
1992 1993 1893
1893 1894 1993
1993 1994 1894
1894 1895 1994
1994 1995 1895
1895 1896 1995
1995 1996 1896
1896 1897 1996
1996 1997 1897
1897 1898 1997
1997 1998 1898
1898 1899 1998
1998 1999 1899
1900 1901 2000
2000 2001 1901
1901 1902 2001
2001 2002 1902
1902 1903 2002
2002 2003 1903
1903 1904 2003
2003 2004 1904
1904 1905 2004
2004 2005 1905
1905 1906 2005
2005 2006 1906
1906 1907 2006
2006 2007 1907
1907 1908 2007
2007 2008 1908
1908 1909 2008
2008 2009 1909
1909 1910 2009
2009 2010 1910
1910 1911 2010
2010 2011 1911
1911 1912 2011
2011 2012 1912
1912 1913 2012
2012 2013 1913
1913 1914 2013
2013 2014 1914
1914 1915 2014
2014 2015 1915
1915 1916 2015
2015 2016 1916
1916 1917 2016
2016 2017 1917
1917 1918 2017
2017 2018 1918
1918 1919 2018
2018 2019 1919
1919 1920 2019
2019 2020 1920
1920 1921 2020
2020 2021 1921
1921 1922 2021
2021 2022 1922
1922 1923 2022
2022 2023 1923
1923 1924 2023
2023 2024 1924
1924 1925 2024
2024 2025 1925
1925 1926 2025
2025 2026 1926
1926 1927 2026
2026 2027 1927
1927 1928 2027
2027 2028 1928
1928 1929 2028
2028 2029 1929
1929 1930 2029
2029 2030 1930
1930 1931 2030
2030 2031 1931
1931 1932 2031
2031 2032 1932
1932 1933 2032
2032 2033 1933
1933 1934 2033
2033 2034 1934
1934 1935 2034
2034 2035 1935
1935 1936 2035
2035 2036 1936
1936 1937 2036
2036 2037 1937
1937 1938 2037
2037 2038 1938
1938 1939 2038
2038 2039 1939
1939 1940 2039
2039 2040 1940
1940 1941 2040
2040 2041 1941
1941 1942 2041
2041 2042 1942
1942 1943 2042
2042 2043 1943
1943 1944 2043
2043 2044 1944
1944 1945 2044
2044 2045 1945
1945 1946 2045
2045 2046 1946
1946 1947 2046
2046 2047 1947
1947 1948 2047
2047 2048 1948
1948 1949 2048
2048 2049 1949
1949 1950 2049
2049 2050 1950
1950 1951 2050
2050 2051 1951
1951 1952 2051
2051 2052 1952
1952 1953 2052
2052 2053 1953
1953 1954 2053
2053 2054 1954
1954 1955 2054
2054 2055 1955
1955 1956 2055
2055 2056 1956
1956 1957 2056
2056 2057 1957
1957 1958 2057
2057 2058 1958
1958 1959 2058
2058 2059 1959
1959 1960 2059
2059 2060 1960
1960 1961 2060
2060 2061 1961
1961 1962 2061
2061 2062 1962
1962 1963 2062
2062 2063 1963
1963 1964 2063
2063 2064 1964
1964 1965 2064
2064 2065 1965
1965 1966 2065
2065 2066 1966
1966 1967 2066
2066 2067 1967
1967 1968 2067
2067 2068 1968
1968 1969 2068
2068 2069 1969
1969 1970 2069
2069 2070 1970
1970 1971 2070
2070 2071 1971
1971 1972 2071
2071 2072 1972
1972 1973 2072
2072 2073 1973
1973 1974 2073
2073 2074 1974
1974 1975 2074
2074 2075 1975
1975 1976 2075
2075 2076 1976
1976 1977 2076
2076 2077 1977
1977 1978 2077
2077 2078 1978
1978 1979 2078
2078 2079 1979
1979 1980 2079
2079 2080 1980
1980 1981 2080
2080 2081 1981
1981 1982 2081
2081 2082 1982
1982 1983 2082
2082 2083 1983
1983 1984 2083
2083 2084 1984
1984 1985 2084
2084 2085 1985
1985 1986 2085
2085 2086 1986
1986 1987 2086
2086 2087 1987
1987 1988 2087
2087 2088 1988
1988 1989 2088
2088 2089 1989
1989 1990 2089
2089 2090 1990
1990 1991 2090
2090 2091 1991
1991 1992 2091
2091 2092 1992
1992 1993 2092
2092 2093 1993
1993 1994 2093
2093 2094 1994
1994 1995 2094
2094 2095 1995
1995 1996 2095
2095 2096 1996
1996 1997 2096
2096 2097 1997
1997 1998 2097
2097 2098 1998
1998 1999 2098
2098 2099 1999
2000 2001 2100
2100 2101 2001
2001 2002 2101
2101 2102 2002
2002 2003 2102
2102 2103 2003
2003 2004 2103
2103 2104 2004
2004 2005 2104
2104 2105 2005
2005 2006 2105
2105 2106 2006
2006 2007 2106
2106 2107 2007
2007 2008 2107
2107 2108 2008
2008 2009 2108
2108 2109 2009
2009 2010 2109
2109 2110 2010
2010 2011 2110
2110 2111 2011
2011 2012 2111
2111 2112 2012
2012 2013 2112
2112 2113 2013
2013 2014 2113
2113 2114 2014
2014 2015 2114
2114 2115 2015
2015 2016 2115
2115 2116 2016
2016 2017 2116
2116 2117 2017
2017 2018 2117
2117 2118 2018
2018 2019 2118
2118 2119 2019
2019 2020 2119
2119 2120 2020
2020 2021 2120
2120 2121 2021
2021 2022 2121
2121 2122 2022
2022 2023 2122
2122 2123 2023
2023 2024 2123
2123 2124 2024
2024 2025 2124
2124 2125 2025
2025 2026 2125
2125 2126 2026
2026 2027 2126
2126 2127 2027
2027 2028 2127
2127 2128 2028
2028 2029 2128
2128 2129 2029
2029 2030 2129
2129 2130 2030
2030 2031 2130
2130 2131 2031
2031 2032 2131
2131 2132 2032
2032 2033 2132
2132 2133 2033
2033 2034 2133
2133 2134 2034
2034 2035 2134
2134 2135 2035
2035 2036 2135
2135 2136 2036
2036 2037 2136
2136 2137 2037
2037 2038 2137
2137 2138 2038
2038 2039 2138
2138 2139 2039
2039 2040 2139
2139 2140 2040
2040 2041 2140
2140 2141 2041
2041 2042 2141
2141 2142 2042
2042 2043 2142
2142 2143 2043
2043 2044 2143
2143 2144 2044
2044 2045 2144
2144 2145 2045
2045 2046 2145
2145 2146 2046
2046 2047 2146
2146 2147 2047
2047 2048 2147
2147 2148 2048
2048 2049 2148
2148 2149 2049
2049 2050 2149
2149 2150 2050
2050 2051 2150
2150 2151 2051
2051 2052 2151
2151 2152 2052
2052 2053 2152
2152 2153 2053
2053 2054 2153
2153 2154 2054
2054 2055 2154
2154 2155 2055
2055 2056 2155
2155 2156 2056
2056 2057 2156
2156 2157 2057
2057 2058 2157
2157 2158 2058
2058 2059 2158
2158 2159 2059
2059 2060 2159
2159 2160 2060
2060 2061 2160
2160 2161 2061
2061 2062 2161
2161 2162 2062
2062 2063 2162
2162 2163 2063
2063 2064 2163
2163 2164 2064
2064 2065 2164
2164 2165 2065
2065 2066 2165
2165 2166 2066
2066 2067 2166
2166 2167 2067
2067 2068 2167
2167 2168 2068
2068 2069 2168
2168 2169 2069
2069 2070 2169
2169 2170 2070
2070 2071 2170
2170 2171 2071
2071 2072 2171
2171 2172 2072
2072 2073 2172
2172 2173 2073
2073 2074 2173
2173 2174 2074
2074 2075 2174
2174 2175 2075
2075 2076 2175
2175 2176 2076
2076 2077 2176
2176 2177 2077
2077 2078 2177
2177 2178 2078
2078 2079 2178
2178 2179 2079
2079 2080 2179
2179 2180 2080
2080 2081 2180
2180 2181 2081
2081 2082 2181
2181 2182 2082
2082 2083 2182
2182 2183 2083
2083 2084 2183
2183 2184 2084
2084 2085 2184
2184 2185 2085
2085 2086 2185
2185 2186 2086
2086 2087 2186
2186 2187 2087
2087 2088 2187
2187 2188 2088
2088 2089 2188
2188 2189 2089
2089 2090 2189
2189 2190 2090
2090 2091 2190
2190 2191 2091
2091 2092 2191
2191 2192 2092
2092 2093 2192
2192 2193 2093
2093 2094 2193
2193 2194 2094
2094 2095 2194
2194 2195 2095
2095 2096 2195
2195 2196 2096
2096 2097 2196
2196 2197 2097
2097 2098 2197
2197 2198 2098
2098 2099 2198
2198 2199 2099
2100 2101 2200
2200 2201 2101
2101 2102 2201
2201 2202 2102
2102 2103 2202
2202 2203 2103
2103 2104 2203
2203 2204 2104
2104 2105 2204
2204 2205 2105
2105 2106 2205
2205 2206 2106
2106 2107 2206
2206 2207 2107
2107 2108 2207
2207 2208 2108
2108 2109 2208
2208 2209 2109
2109 2110 2209
2209 2210 2110
2110 2111 2210
2210 2211 2111
2111 2112 2211
2211 2212 2112
2112 2113 2212
2212 2213 2113
2113 2114 2213
2213 2214 2114
2114 2115 2214
2214 2215 2115
2115 2116 2215
2215 2216 2116
2116 2117 2216
2216 2217 2117
2117 2118 2217
2217 2218 2118
2118 2119 2218
2218 2219 2119
2119 2120 2219
2219 2220 2120
2120 2121 2220
2220 2221 2121
2121 2122 2221
2221 2222 2122
2122 2123 2222
2222 2223 2123
2123 2124 2223
2223 2224 2124
2124 2125 2224
2224 2225 2125
2125 2126 2225
2225 2226 2126
2126 2127 2226
2226 2227 2127
2127 2128 2227
2227 2228 2128
2128 2129 2228
2228 2229 2129
2129 2130 2229
2229 2230 2130
2130 2131 2230
2230 2231 2131
2131 2132 2231
2231 2232 2132
2132 2133 2232
2232 2233 2133
2133 2134 2233
2233 2234 2134
2134 2135 2234
2234 2235 2135
2135 2136 2235
2235 2236 2136
2136 2137 2236
2236 2237 2137
2137 2138 2237
2237 2238 2138
2138 2139 2238
2238 2239 2139
2139 2140 2239
2239 2240 2140
2140 2141 2240
2240 2241 2141
2141 2142 2241
2241 2242 2142
2142 2143 2242
2242 2243 2143
2143 2144 2243
2243 2244 2144
2144 2145 2244
2244 2245 2145
2145 2146 2245
2245 2246 2146
2146 2147 2246
2246 2247 2147
2147 2148 2247
2247 2248 2148
2148 2149 2248
2248 2249 2149
2149 2150 2249
2249 2250 2150
2150 2151 2250
2250 2251 2151
2151 2152 2251
2251 2252 2152
2152 2153 2252
2252 2253 2153
2153 2154 2253
2253 2254 2154
2154 2155 2254
2254 2255 2155
2155 2156 2255
2255 2256 2156
2156 2157 2256
2256 2257 2157
2157 2158 2257
2257 2258 2158
2158 2159 2258
2258 2259 2159
2159 2160 2259
2259 2260 2160
2160 2161 2260
2260 2261 2161
2161 2162 2261
2261 2262 2162
2162 2163 2262
2262 2263 2163
2163 2164 2263
2263 2264 2164
2164 2165 2264
2264 2265 2165
2165 2166 2265
2265 2266 2166
2166 2167 2266
2266 2267 2167
2167 2168 2267
2267 2268 2168
2168 2169 2268
2268 2269 2169
2169 2170 2269
2269 2270 2170
2170 2171 2270
2270 2271 2171
2171 2172 2271
2271 2272 2172
2172 2173 2272
2272 2273 2173
2173 2174 2273
2273 2274 2174
2174 2175 2274
2274 2275 2175
2175 2176 2275
2275 2276 2176
2176 2177 2276
2276 2277 2177
2177 2178 2277
2277 2278 2178
2178 2179 2278
2278 2279 2179
2179 2180 2279
2279 2280 2180
2180 2181 2280
2280 2281 2181
2181 2182 2281
2281 2282 2182
2182 2183 2282
2282 2283 2183
2183 2184 2283
2283 2284 2184
2184 2185 2284
2284 2285 2185
2185 2186 2285
2285 2286 2186
2186 2187 2286
2286 2287 2187
2187 2188 2287
2287 2288 2188
2188 2189 2288
2288 2289 2189
2189 2190 2289
2289 2290 2190
2190 2191 2290
2290 2291 2191
2191 2192 2291
2291 2292 2192
2192 2193 2292
2292 2293 2193
2193 2194 2293
2293 2294 2194
2194 2195 2294
2294 2295 2195
2195 2196 2295
2295 2296 2196
2196 2197 2296
2296 2297 2197
2197 2198 2297
2297 2298 2198
2198 2199 2298
2298 2299 2199
2200 2201 2300
2300 2301 2201
2201 2202 2301
2301 2302 2202
2202 2203 2302
2302 2303 2203
2203 2204 2303
2303 2304 2204
2204 2205 2304
2304 2305 2205
2205 2206 2305
2305 2306 2206
2206 2207 2306
2306 2307 2207
2207 2208 2307
2307 2308 2208
2208 2209 2308
2308 2309 2209
2209 2210 2309
2309 2310 2210
2210 2211 2310
2310 2311 2211
2211 2212 2311
2311 2312 2212
2212 2213 2312
2312 2313 2213
2213 2214 2313
2313 2314 2214
2214 2215 2314
2314 2315 2215
2215 2216 2315
2315 2316 2216
2216 2217 2316
2316 2317 2217
2217 2218 2317
2317 2318 2218
2218 2219 2318
2318 2319 2219
2219 2220 2319
2319 2320 2220
2220 2221 2320
2320 2321 2221
2221 2222 2321
2321 2322 2222
2222 2223 2322
2322 2323 2223
2223 2224 2323
2323 2324 2224
2224 2225 2324
2324 2325 2225
2225 2226 2325
2325 2326 2226
2226 2227 2326
2326 2327 2227
2227 2228 2327
2327 2328 2228
2228 2229 2328
2328 2329 2229
2229 2230 2329
2329 2330 2230
2230 2231 2330
2330 2331 2231
2231 2232 2331
2331 2332 2232
2232 2233 2332
2332 2333 2233
2233 2234 2333
2333 2334 2234
2234 2235 2334
2334 2335 2235
2235 2236 2335
2335 2336 2236
2236 2237 2336
2336 2337 2237
2237 2238 2337
2337 2338 2238
2238 2239 2338
2338 2339 2239
2239 2240 2339
2339 2340 2240
2240 2241 2340
2340 2341 2241
2241 2242 2341
2341 2342 2242
2242 2243 2342
2342 2343 2243
2243 2244 2343
2343 2344 2244
2244 2245 2344
2344 2345 2245
2245 2246 2345
2345 2346 2246
2246 2247 2346
2346 2347 2247
2247 2248 2347
2347 2348 2248
2248 2249 2348
2348 2349 2249
2249 2250 2349
2349 2350 2250
2250 2251 2350
2350 2351 2251
2251 2252 2351
2351 2352 2252
2252 2253 2352
2352 2353 2253
2253 2254 2353
2353 2354 2254
2254 2255 2354
2354 2355 2255
2255 2256 2355
2355 2356 2256
2256 2257 2356
2356 2357 2257
2257 2258 2357
2357 2358 2258
2258 2259 2358
2358 2359 2259
2259 2260 2359
2359 2360 2260
2260 2261 2360
2360 2361 2261
2261 2262 2361
2361 2362 2262
2262 2263 2362
2362 2363 2263
2263 2264 2363
2363 2364 2264
2264 2265 2364
2364 2365 2265
2265 2266 2365
2365 2366 2266
2266 2267 2366
2366 2367 2267
2267 2268 2367
2367 2368 2268
2268 2269 2368
2368 2369 2269
2269 2270 2369
2369 2370 2270
2270 2271 2370
2370 2371 2271
2271 2272 2371
2371 2372 2272
2272 2273 2372
2372 2373 2273
2273 2274 2373
2373 2374 2274
2274 2275 2374
2374 2375 2275
2275 2276 2375
2375 2376 2276
2276 2277 2376
2376 2377 2277
2277 2278 2377
2377 2378 2278
2278 2279 2378
2378 2379 2279
2279 2280 2379
2379 2380 2280
2280 2281 2380
2380 2381 2281
2281 2282 2381
2381 2382 2282
2282 2283 2382
2382 2383 2283
2283 2284 2383
2383 2384 2284
2284 2285 2384
2384 2385 2285
2285 2286 2385
2385 2386 2286
2286 2287 2386
2386 2387 2287
2287 2288 2387
2387 2388 2288
2288 2289 2388
2388 2389 2289
2289 2290 2389
2389 2390 2290
2290 2291 2390
2390 2391 2291
2291 2292 2391
2391 2392 2292
2292 2293 2392
2392 2393 2293
2293 2294 2393
2393 2394 2294
2294 2295 2394
2394 2395 2295
2295 2296 2395
2395 2396 2296
2296 2297 2396
2396 2397 2297
2297 2298 2397
2397 2398 2298
2298 2299 2398
2398 2399 2299
2300 2301 2400
2400 2401 2301
2301 2302 2401
2401 2402 2302
2302 2303 2402
2402 2403 2303
2303 2304 2403
2403 2404 2304
2304 2305 2404
2404 2405 2305
2305 2306 2405
2405 2406 2306
2306 2307 2406
2406 2407 2307
2307 2308 2407
2407 2408 2308
2308 2309 2408
2408 2409 2309
2309 2310 2409
2409 2410 2310
2310 2311 2410
2410 2411 2311
2311 2312 2411
2411 2412 2312
2312 2313 2412
2412 2413 2313
2313 2314 2413
2413 2414 2314
2314 2315 2414
2414 2415 2315
2315 2316 2415
2415 2416 2316
2316 2317 2416
2416 2417 2317
2317 2318 2417
2417 2418 2318
2318 2319 2418
2418 2419 2319
2319 2320 2419
2419 2420 2320
2320 2321 2420
2420 2421 2321
2321 2322 2421
2421 2422 2322
2322 2323 2422
2422 2423 2323
2323 2324 2423
2423 2424 2324
2324 2325 2424
2424 2425 2325
2325 2326 2425
2425 2426 2326
2326 2327 2426
2426 2427 2327
2327 2328 2427
2427 2428 2328
2328 2329 2428
2428 2429 2329
2329 2330 2429
2429 2430 2330
2330 2331 2430
2430 2431 2331
2331 2332 2431
2431 2432 2332
2332 2333 2432
2432 2433 2333
2333 2334 2433
2433 2434 2334
2334 2335 2434
2434 2435 2335
2335 2336 2435
2435 2436 2336
2336 2337 2436
2436 2437 2337
2337 2338 2437
2437 2438 2338
2338 2339 2438
2438 2439 2339
2339 2340 2439
2439 2440 2340
2340 2341 2440
2440 2441 2341
2341 2342 2441
2441 2442 2342
2342 2343 2442
2442 2443 2343
2343 2344 2443
2443 2444 2344
2344 2345 2444
2444 2445 2345
2345 2346 2445
2445 2446 2346
2346 2347 2446
2446 2447 2347
2347 2348 2447
2447 2448 2348
2348 2349 2448
2448 2449 2349
2349 2350 2449
2449 2450 2350
2350 2351 2450
2450 2451 2351
2351 2352 2451
2451 2452 2352
2352 2353 2452
2452 2453 2353
2353 2354 2453
2453 2454 2354
2354 2355 2454
2454 2455 2355
2355 2356 2455
2455 2456 2356
2356 2357 2456
2456 2457 2357
2357 2358 2457
2457 2458 2358
2358 2359 2458
2458 2459 2359
2359 2360 2459
2459 2460 2360
2360 2361 2460
2460 2461 2361
2361 2362 2461
2461 2462 2362
2362 2363 2462
2462 2463 2363
2363 2364 2463
2463 2464 2364
2364 2365 2464
2464 2465 2365
2365 2366 2465
2465 2466 2366
2366 2367 2466
2466 2467 2367
2367 2368 2467
2467 2468 2368
2368 2369 2468
2468 2469 2369
2369 2370 2469
2469 2470 2370
2370 2371 2470
2470 2471 2371
2371 2372 2471
2471 2472 2372
2372 2373 2472
2472 2473 2373
2373 2374 2473
2473 2474 2374
2374 2375 2474
2474 2475 2375
2375 2376 2475
2475 2476 2376
2376 2377 2476
2476 2477 2377
2377 2378 2477
2477 2478 2378
2378 2379 2478
2478 2479 2379
2379 2380 2479
2479 2480 2380
2380 2381 2480
2480 2481 2381
2381 2382 2481
2481 2482 2382
2382 2383 2482
2482 2483 2383
2383 2384 2483
2483 2484 2384
2384 2385 2484
2484 2485 2385
2385 2386 2485
2485 2486 2386
2386 2387 2486
2486 2487 2387
2387 2388 2487
2487 2488 2388
2388 2389 2488
2488 2489 2389
2389 2390 2489
2489 2490 2390
2390 2391 2490
2490 2491 2391
2391 2392 2491
2491 2492 2392
2392 2393 2492
2492 2493 2393
2393 2394 2493
2493 2494 2394
2394 2395 2494
2494 2495 2395
2395 2396 2495
2495 2496 2396
2396 2397 2496
2496 2497 2397
2397 2398 2497
2497 2498 2398
2398 2399 2498
2498 2499 2399
