0 0 1
0.04040404040404 0 1
0.08080808080808 0 1
0.1212121212121 0 1
0.1616161616162 0 1
0.2020202020202 0 1
0.2424242424242 0 1
0.2828282828283 0 1
0.3232323232323 0 1
0.3636363636364 0 1
0.4040404040404 0 1
0.4444444444444 0 1
0.4848484848485 0 1
0.5252525252525 0 1
0.5656565656566 0 1
0.6060606060606 0 1
0.6464646464646 0 1
0.6868686868687 0 1
0.7272727272727 0 1
0.7676767676768 0 1
0.8080808080808 0 1
0.8484848484848 0 1
0.8888888888889 0 1
0.9292929292929 0 1
0.969696969697 0 1
1.010101010101 0 1
1.050505050505 0 1
1.090909090909 0 1
1.131313131313 0 1
1.171717171717 0 1
1.212121212121 0 1
1.252525252525 0 1
1.292929292929 0 1
1.333333333333 0 1
1.373737373737 0 1
1.414141414141 0 1
1.454545454545 0 1
1.494949494949 0 1
1.535353535354 0 1
1.575757575758 0 1
1.616161616162 0 1
1.656565656566 0 1
1.69696969697 0 1
1.737373737374 0 1
1.777777777778 0 1
1.818181818182 0 1
1.858585858586 0 1
1.89898989899 0 1
1.939393939394 0 1
1.979797979798 0 1
2.020202020202 0 1
2.060606060606 0 1
2.10101010101 0 1
2.141414141414 0 1
2.181818181818 0 1
2.222222222222 0 1
2.262626262626 0 1
2.30303030303 0 1
2.343434343434 0 1
2.383838383838 0 1
2.424242424242 0 1
2.464646464646 0 1
2.505050505051 0 1
2.545454545455 0 1
2.585858585859 0 1
2.626262626263 0 1
2.666666666667 0 1
2.707070707071 0 1
2.747474747475 0 1
2.787878787879 0 1
2.828282828283 0 1
2.868686868687 0 1
2.909090909091 0 1
2.949494949495 0 1
2.989898989899 0 1
3.030303030303 0 1
3.070707070707 0 1
3.111111111111 0 1
3.151515151515 0 1
3.191919191919 0 1
3.232323232323 0 1
3.272727272727 0 1
3.313131313131 0 1
3.353535353535 0 1
3.393939393939 0 1
3.434343434343 0 1
3.474747474747 0 1
3.515151515152 0 1
3.555555555556 0 1
3.59595959596 0 1
3.636363636364 0 1
3.676767676768 0 1
3.717171717172 0 1
3.757575757576 0 1
3.79797979798 0 1
3.838383838384 0 1
3.878787878788 0 1
3.919191919192 0 1
3.959595959596 0 1
4 0 1
0 0.04166666666667 0.9583333333333
0.04040404040404 0.04166666666667 0.9583333333333
0.08080808080808 0.04166666666667 0.9583333333333
0.1212121212121 0.04166666666667 0.9583333333333
0.1616161616162 0.04166666666667 0.9583333333333
0.2020202020202 0.04166666666667 0.9583333333333
0.2424242424242 0.04166666666667 0.9583333333333
0.2828282828283 0.04166666666667 0.9583333333333
0.3232323232323 0.04166666666667 0.9583333333333
0.3636363636364 0.04166666666667 0.9583333333333
0.4040404040404 0.04166666666667 0.9583333333333
0.4444444444444 0.04166666666667 0.9583333333333
0.4848484848485 0.04166666666667 0.9583333333333
0.5252525252525 0.04166666666667 0.9583333333333
0.5656565656566 0.04166666666667 0.9583333333333
0.6060606060606 0.04166666666667 0.9583333333333
0.6464646464646 0.04166666666667 0.9583333333333
0.6868686868687 0.04166666666667 0.9583333333333
0.7272727272727 0.04166666666667 0.9583333333333
0.7676767676768 0.04166666666667 0.9583333333333
0.8080808080808 0.04166666666667 0.9583333333333
0.8484848484848 0.04166666666667 0.9583333333333
0.8888888888889 0.04166666666667 0.9583333333333
0.9292929292929 0.04166666666667 0.9583333333333
0.969696969697 0.04166666666667 0.9583333333333
1.010101010101 0.04166666666667 0.9583333333333
1.050505050505 0.04166666666667 0.9583333333333
1.090909090909 0.04166666666667 0.9583333333333
1.131313131313 0.04166666666667 0.9583333333333
1.171717171717 0.04166666666667 0.9583333333333
1.212121212121 0.04166666666667 0.9583333333333
1.252525252525 0.04166666666667 0.9583333333333
1.292929292929 0.04166666666667 0.9583333333333
1.333333333333 0.04166666666667 0.9583333333333
1.373737373737 0.04166666666667 0.9583333333333
1.414141414141 0.04166666666667 0.9583333333333
1.454545454545 0.04166666666667 0.9583333333333
1.494949494949 0.04166666666667 0.9583333333333
1.535353535354 0.04166666666667 0.9583333333333
1.575757575758 0.04166666666667 0.9583333333333
1.616161616162 0.04166666666667 0.9583333333333
1.656565656566 0.04166666666667 0.9583333333333
1.69696969697 0.04166666666667 0.9583333333333
1.737373737374 0.04166666666667 0.9583333333333
1.777777777778 0.04166666666667 0.9583333333333
1.818181818182 0.04166666666667 0.9583333333333
1.858585858586 0.04166666666667 0.9583333333333
1.89898989899 0.04166666666667 0.9583333333333
1.939393939394 0.04166666666667 0.9583333333333
1.979797979798 0.04166666666667 0.9583333333333
2.020202020202 0.04166666666667 0.9583333333333
2.060606060606 0.04166666666667 0.9583333333333
2.10101010101 0.04166666666667 0.9583333333333
2.141414141414 0.04166666666667 0.9583333333333
2.181818181818 0.04166666666667 0.9583333333333
2.222222222222 0.04166666666667 0.9583333333333
2.262626262626 0.04166666666667 0.9583333333333
2.30303030303 0.04166666666667 0.9583333333333
2.343434343434 0.04166666666667 0.9583333333333
2.383838383838 0.04166666666667 0.9583333333333
2.424242424242 0.04166666666667 0.9583333333333
2.464646464646 0.04166666666667 0.9583333333333
2.505050505051 0.04166666666667 0.9583333333333
2.545454545455 0.04166666666667 0.9583333333333
2.585858585859 0.04166666666667 0.9583333333333
2.626262626263 0.04166666666667 0.9583333333333
2.666666666667 0.04166666666667 0.9583333333333
2.707070707071 0.04166666666667 0.9583333333333
2.747474747475 0.04166666666667 0.9583333333333
2.787878787879 0.04166666666667 0.9583333333333
2.828282828283 0.04166666666667 0.9583333333333
2.868686868687 0.04166666666667 0.9583333333333
2.909090909091 0.04166666666667 0.9583333333333
2.949494949495 0.04166666666667 0.9583333333333
2.989898989899 0.04166666666667 0.9583333333333
3.030303030303 0.04166666666667 0.9583333333333
3.070707070707 0.04166666666667 0.9583333333333
3.111111111111 0.04166666666667 0.9583333333333
3.151515151515 0.04166666666667 0.9583333333333
3.191919191919 0.04166666666667 0.9583333333333
3.232323232323 0.04166666666667 0.9583333333333
3.272727272727 0.04166666666667 0.9583333333333
3.313131313131 0.04166666666667 0.9583333333333
3.353535353535 0.04166666666667 0.9583333333333
3.393939393939 0.04166666666667 0.9583333333333
3.434343434343 0.04166666666667 0.9583333333333
3.474747474747 0.04166666666667 0.9583333333333
3.515151515152 0.04166666666667 0.9583333333333
3.555555555556 0.04166666666667 0.9583333333333
3.59595959596 0.04166666666667 0.9583333333333
3.636363636364 0.04166666666667 0.9583333333333
3.676767676768 0.04166666666667 0.9583333333333
3.717171717172 0.04166666666667 0.9583333333333
3.757575757576 0.04166666666667 0.9583333333333
3.79797979798 0.04166666666667 0.9583333333333
3.838383838384 0.04166666666667 0.9583333333333
3.878787878788 0.04166666666667 0.9583333333333
3.919191919192 0.04166666666667 0.9583333333333
3.959595959596 0.04166666666667 0.9583333333333
4 0.04166666666667 0.9583333333333
0 0.08333333333333 0.9166666666667
0.04040404040404 0.08333333333333 0.9166666666667
0.08080808080808 0.08333333333333 0.9166666666667
0.1212121212121 0.08333333333333 0.9166666666667
0.1616161616162 0.08333333333333 0.9166666666667
0.2020202020202 0.08333333333333 0.9166666666667
0.2424242424242 0.08333333333333 0.9166666666667
0.2828282828283 0.08333333333333 0.9166666666667
0.3232323232323 0.08333333333333 0.9166666666667
0.3636363636364 0.08333333333333 0.9166666666667
0.4040404040404 0.08333333333333 0.9166666666667
0.4444444444444 0.08333333333333 0.9166666666667
0.4848484848485 0.08333333333333 0.9166666666667
0.5252525252525 0.08333333333333 0.9166666666667
0.5656565656566 0.08333333333333 0.9166666666667
0.6060606060606 0.08333333333333 0.9166666666667
0.6464646464646 0.08333333333333 0.9166666666667
0.6868686868687 0.08333333333333 0.9166666666667
0.7272727272727 0.08333333333333 0.9166666666667
0.7676767676768 0.08333333333333 0.9166666666667
0.8080808080808 0.08333333333333 0.9166666666667
0.8484848484848 0.08333333333333 0.9166666666667
0.8888888888889 0.08333333333333 0.9166666666667
0.9292929292929 0.08333333333333 0.9166666666667
0.969696969697 0.08333333333333 0.9166666666667
1.010101010101 0.08333333333333 0.9166666666667
1.050505050505 0.08333333333333 0.9166666666667
1.090909090909 0.08333333333333 0.9166666666667
1.131313131313 0.08333333333333 0.9166666666667
1.171717171717 0.08333333333333 0.9166666666667
1.212121212121 0.08333333333333 0.9166666666667
1.252525252525 0.08333333333333 0.9166666666667
1.292929292929 0.08333333333333 0.9166666666667
1.333333333333 0.08333333333333 0.9166666666667
1.373737373737 0.08333333333333 0.9166666666667
1.414141414141 0.08333333333333 0.9166666666667
1.454545454545 0.08333333333333 0.9166666666667
1.494949494949 0.08333333333333 0.9166666666667
1.535353535354 0.08333333333333 0.9166666666667
1.575757575758 0.08333333333333 0.9166666666667
1.616161616162 0.08333333333333 0.9166666666667
1.656565656566 0.08333333333333 0.9166666666667
1.69696969697 0.08333333333333 0.9166666666667
1.737373737374 0.08333333333333 0.9166666666667
1.777777777778 0.08333333333333 0.9166666666667
1.818181818182 0.08333333333333 0.9166666666667
1.858585858586 0.08333333333333 0.9166666666667
1.89898989899 0.08333333333333 0.9166666666667
1.939393939394 0.08333333333333 0.9166666666667
1.979797979798 0.08333333333333 0.9166666666667
2.020202020202 0.08333333333333 0.9166666666667
2.060606060606 0.08333333333333 0.9166666666667
2.10101010101 0.08333333333333 0.9166666666667
2.141414141414 0.08333333333333 0.9166666666667
2.181818181818 0.08333333333333 0.9166666666667
2.222222222222 0.08333333333333 0.9166666666667
2.262626262626 0.08333333333333 0.9166666666667
2.30303030303 0.08333333333333 0.9166666666667
2.343434343434 0.08333333333333 0.9166666666667
2.383838383838 0.08333333333333 0.9166666666667
2.424242424242 0.08333333333333 0.9166666666667
2.464646464646 0.08333333333333 0.9166666666667
2.505050505051 0.08333333333333 0.9166666666667
2.545454545455 0.08333333333333 0.9166666666667
2.585858585859 0.08333333333333 0.9166666666667
2.626262626263 0.08333333333333 0.9166666666667
2.666666666667 0.08333333333333 0.9166666666667
2.707070707071 0.08333333333333 0.9166666666667
2.747474747475 0.08333333333333 0.9166666666667
2.787878787879 0.08333333333333 0.9166666666667
2.828282828283 0.08333333333333 0.9166666666667
2.868686868687 0.08333333333333 0.9166666666667
2.909090909091 0.08333333333333 0.9166666666667
2.949494949495 0.08333333333333 0.9166666666667
2.989898989899 0.08333333333333 0.9166666666667
3.030303030303 0.08333333333333 0.9166666666667
3.070707070707 0.08333333333333 0.9166666666667
3.111111111111 0.08333333333333 0.9166666666667
3.151515151515 0.08333333333333 0.9166666666667
3.191919191919 0.08333333333333 0.9166666666667
3.232323232323 0.08333333333333 0.9166666666667
3.272727272727 0.08333333333333 0.9166666666667
3.313131313131 0.08333333333333 0.9166666666667
3.353535353535 0.08333333333333 0.9166666666667
3.393939393939 0.08333333333333 0.9166666666667
3.434343434343 0.08333333333333 0.9166666666667
3.474747474747 0.08333333333333 0.9166666666667
3.515151515152 0.08333333333333 0.9166666666667
3.555555555556 0.08333333333333 0.9166666666667
3.59595959596 0.08333333333333 0.9166666666667
3.636363636364 0.08333333333333 0.9166666666667
3.676767676768 0.08333333333333 0.9166666666667
3.717171717172 0.08333333333333 0.9166666666667
3.757575757576 0.08333333333333 0.9166666666667
3.79797979798 0.08333333333333 0.9166666666667
3.838383838384 0.08333333333333 0.9166666666667
3.878787878788 0.08333333333333 0.9166666666667
3.919191919192 0.08333333333333 0.9166666666667
3.959595959596 0.08333333333333 0.9166666666667
4 0.08333333333333 0.9166666666667
0 0.125 0.875
0.04040404040404 0.125 0.875
0.08080808080808 0.125 0.875
0.1212121212121 0.125 0.875
0.1616161616162 0.125 0.875
0.2020202020202 0.125 0.875
0.2424242424242 0.125 0.875
0.2828282828283 0.125 0.875
0.3232323232323 0.125 0.875
0.3636363636364 0.125 0.875
0.4040404040404 0.125 0.875
0.4444444444444 0.125 0.875
0.4848484848485 0.125 0.875
0.5252525252525 0.125 0.875
0.5656565656566 0.125 0.875
0.6060606060606 0.125 0.875
0.6464646464646 0.125 0.875
0.6868686868687 0.125 0.875
0.7272727272727 0.125 0.875
0.7676767676768 0.125 0.875
0.8080808080808 0.125 0.875
0.8484848484848 0.125 0.875
0.8888888888889 0.125 0.875
0.9292929292929 0.125 0.875
0.969696969697 0.125 0.875
1.010101010101 0.125 0.875
1.050505050505 0.125 0.875
1.090909090909 0.125 0.875
1.131313131313 0.125 0.875
1.171717171717 0.125 0.875
1.212121212121 0.125 0.875
1.252525252525 0.125 0.875
1.292929292929 0.125 0.875
1.333333333333 0.125 0.875
1.373737373737 0.125 0.875
1.414141414141 0.125 0.875
1.454545454545 0.125 0.875
1.494949494949 0.125 0.875
1.535353535354 0.125 0.875
1.575757575758 0.125 0.875
1.616161616162 0.125 0.875
1.656565656566 0.125 0.875
1.69696969697 0.125 0.875
1.737373737374 0.125 0.875
1.777777777778 0.125 0.875
1.818181818182 0.125 0.875
1.858585858586 0.125 0.875
1.89898989899 0.125 0.875
1.939393939394 0.125 0.875
1.979797979798 0.125 0.875
2.020202020202 0.125 0.875
2.060606060606 0.125 0.875
2.10101010101 0.125 0.875
2.141414141414 0.125 0.875
2.181818181818 0.125 0.875
2.222222222222 0.125 0.875
2.262626262626 0.125 0.875
2.30303030303 0.125 0.875
2.343434343434 0.125 0.875
2.383838383838 0.125 0.875
2.424242424242 0.125 0.875
2.464646464646 0.125 0.875
2.505050505051 0.125 0.875
2.545454545455 0.125 0.875
2.585858585859 0.125 0.875
2.626262626263 0.125 0.875
2.666666666667 0.125 0.875
2.707070707071 0.125 0.875
2.747474747475 0.125 0.875
2.787878787879 0.125 0.875
2.828282828283 0.125 0.875
2.868686868687 0.125 0.875
2.909090909091 0.125 0.875
2.949494949495 0.125 0.875
2.989898989899 0.125 0.875
3.030303030303 0.125 0.875
3.070707070707 0.125 0.875
3.111111111111 0.125 0.875
3.151515151515 0.125 0.875
3.191919191919 0.125 0.875
3.232323232323 0.125 0.875
3.272727272727 0.125 0.875
3.313131313131 0.125 0.875
3.353535353535 0.125 0.875
3.393939393939 0.125 0.875
3.434343434343 0.125 0.875
3.474747474747 0.125 0.875
3.515151515152 0.125 0.875
3.555555555556 0.125 0.875
3.59595959596 0.125 0.875
3.636363636364 0.125 0.875
3.676767676768 0.125 0.875
3.717171717172 0.125 0.875
3.757575757576 0.125 0.875
3.79797979798 0.125 0.875
3.838383838384 0.125 0.875
3.878787878788 0.125 0.875
3.919191919192 0.125 0.875
3.959595959596 0.125 0.875
4 0.125 0.875
0 0.1666666666667 0.8333333333333
0.04040404040404 0.1666666666667 0.8333333333333
0.08080808080808 0.1666666666667 0.8333333333333
0.1212121212121 0.1666666666667 0.8333333333333
0.1616161616162 0.1666666666667 0.8333333333333
0.2020202020202 0.1666666666667 0.8333333333333
0.2424242424242 0.1666666666667 0.8333333333333
0.2828282828283 0.1666666666667 0.8333333333333
0.3232323232323 0.1666666666667 0.8333333333333
0.3636363636364 0.1666666666667 0.8333333333333
0.4040404040404 0.1666666666667 0.8333333333333
0.4444444444444 0.1666666666667 0.8333333333333
0.4848484848485 0.1666666666667 0.8333333333333
0.5252525252525 0.1666666666667 0.8333333333333
0.5656565656566 0.1666666666667 0.8333333333333
0.6060606060606 0.1666666666667 0.8333333333333
0.6464646464646 0.1666666666667 0.8333333333333
0.6868686868687 0.1666666666667 0.8333333333333
0.7272727272727 0.1666666666667 0.8333333333333
0.7676767676768 0.1666666666667 0.8333333333333
0.8080808080808 0.1666666666667 0.8333333333333
0.8484848484848 0.1666666666667 0.8333333333333
0.8888888888889 0.1666666666667 0.8333333333333
0.9292929292929 0.1666666666667 0.8333333333333
0.969696969697 0.1666666666667 0.8333333333333
1.010101010101 0.1666666666667 0.8333333333333
1.050505050505 0.1666666666667 0.8333333333333
1.090909090909 0.1666666666667 0.8333333333333
1.131313131313 0.1666666666667 0.8333333333333
1.171717171717 0.1666666666667 0.8333333333333
1.212121212121 0.1666666666667 0.8333333333333
1.252525252525 0.1666666666667 0.8333333333333
1.292929292929 0.1666666666667 0.8333333333333
1.333333333333 0.1666666666667 0.8333333333333
1.373737373737 0.1666666666667 0.8333333333333
1.414141414141 0.1666666666667 0.8333333333333
1.454545454545 0.1666666666667 0.8333333333333
1.494949494949 0.1666666666667 0.8333333333333
1.535353535354 0.1666666666667 0.8333333333333
1.575757575758 0.1666666666667 0.8333333333333
1.616161616162 0.1666666666667 0.8333333333333
1.656565656566 0.1666666666667 0.8333333333333
1.69696969697 0.1666666666667 0.8333333333333
1.737373737374 0.1666666666667 0.8333333333333
1.777777777778 0.1666666666667 0.8333333333333
1.818181818182 0.1666666666667 0.8333333333333
1.858585858586 0.1666666666667 0.8333333333333
1.89898989899 0.1666666666667 0.8333333333333
1.939393939394 0.1666666666667 0.8333333333333
1.979797979798 0.1666666666667 0.8333333333333
2.020202020202 0.1666666666667 0.8333333333333
2.060606060606 0.1666666666667 0.8333333333333
2.10101010101 0.1666666666667 0.8333333333333
2.141414141414 0.1666666666667 0.8333333333333
2.181818181818 0.1666666666667 0.8333333333333
2.222222222222 0.1666666666667 0.8333333333333
2.262626262626 0.1666666666667 0.8333333333333
2.30303030303 0.1666666666667 0.8333333333333
2.343434343434 0.1666666666667 0.8333333333333
2.383838383838 0.1666666666667 0.8333333333333
2.424242424242 0.1666666666667 0.8333333333333
2.464646464646 0.1666666666667 0.8333333333333
2.505050505051 0.1666666666667 0.8333333333333
2.545454545455 0.1666666666667 0.8333333333333
2.585858585859 0.1666666666667 0.8333333333333
2.626262626263 0.1666666666667 0.8333333333333
2.666666666667 0.1666666666667 0.8333333333333
2.707070707071 0.1666666666667 0.8333333333333
2.747474747475 0.1666666666667 0.8333333333333
2.787878787879 0.1666666666667 0.8333333333333
2.828282828283 0.1666666666667 0.8333333333333
2.868686868687 0.1666666666667 0.8333333333333
2.909090909091 0.1666666666667 0.8333333333333
2.949494949495 0.1666666666667 0.8333333333333
2.989898989899 0.1666666666667 0.8333333333333
3.030303030303 0.1666666666667 0.8333333333333
3.070707070707 0.1666666666667 0.8333333333333
3.111111111111 0.1666666666667 0.8333333333333
3.151515151515 0.1666666666667 0.8333333333333
3.191919191919 0.1666666666667 0.8333333333333
3.232323232323 0.1666666666667 0.8333333333333
3.272727272727 0.1666666666667 0.8333333333333
3.313131313131 0.1666666666667 0.8333333333333
3.353535353535 0.1666666666667 0.8333333333333
3.393939393939 0.1666666666667 0.8333333333333
3.434343434343 0.1666666666667 0.8333333333333
3.474747474747 0.1666666666667 0.8333333333333
3.515151515152 0.1666666666667 0.8333333333333
3.555555555556 0.1666666666667 0.8333333333333
3.59595959596 0.1666666666667 0.8333333333333
3.636363636364 0.1666666666667 0.8333333333333
3.676767676768 0.1666666666667 0.8333333333333
3.717171717172 0.1666666666667 0.8333333333333
3.757575757576 0.1666666666667 0.8333333333333
3.79797979798 0.1666666666667 0.8333333333333
3.838383838384 0.1666666666667 0.8333333333333
3.878787878788 0.1666666666667 0.8333333333333
3.919191919192 0.1666666666667 0.8333333333333
3.959595959596 0.1666666666667 0.8333333333333
4 0.1666666666667 0.8333333333333
0 0.2083333333333 0.7916666666667
0.04040404040404 0.2083333333333 0.7916666666667
0.08080808080808 0.2083333333333 0.7916666666667
0.1212121212121 0.2083333333333 0.7916666666667
0.1616161616162 0.2083333333333 0.7916666666667
0.2020202020202 0.2083333333333 0.7916666666667
0.2424242424242 0.2083333333333 0.7916666666667
0.2828282828283 0.2083333333333 0.7916666666667
0.3232323232323 0.2083333333333 0.7916666666667
0.3636363636364 0.2083333333333 0.7916666666667
0.4040404040404 0.2083333333333 0.7916666666667
0.4444444444444 0.2083333333333 0.7916666666667
0.4848484848485 0.2083333333333 0.7916666666667
0.5252525252525 0.2083333333333 0.7916666666667
0.5656565656566 0.2083333333333 0.7916666666667
0.6060606060606 0.2083333333333 0.7916666666667
0.6464646464646 0.2083333333333 0.7916666666667
0.6868686868687 0.2083333333333 0.7916666666667
0.7272727272727 0.2083333333333 0.7916666666667
0.7676767676768 0.2083333333333 0.7916666666667
0.8080808080808 0.2083333333333 0.7916666666667
0.8484848484848 0.2083333333333 0.7916666666667
0.8888888888889 0.2083333333333 0.7916666666667
0.9292929292929 0.2083333333333 0.7916666666667
0.969696969697 0.2083333333333 0.7916666666667
1.010101010101 0.2083333333333 0.7916666666667
1.050505050505 0.2083333333333 0.7916666666667
1.090909090909 0.2083333333333 0.7916666666667
1.131313131313 0.2083333333333 0.7916666666667
1.171717171717 0.2083333333333 0.7916666666667
1.212121212121 0.2083333333333 0.7916666666667
1.252525252525 0.2083333333333 0.7916666666667
1.292929292929 0.2083333333333 0.7916666666667
1.333333333333 0.2083333333333 0.7916666666667
1.373737373737 0.2083333333333 0.7916666666667
1.414141414141 0.2083333333333 0.7916666666667
1.454545454545 0.2083333333333 0.7916666666667
1.494949494949 0.2083333333333 0.7916666666667
1.535353535354 0.2083333333333 0.7916666666667
1.575757575758 0.2083333333333 0.7916666666667
1.616161616162 0.2083333333333 0.7916666666667
1.656565656566 0.2083333333333 0.7916666666667
1.69696969697 0.2083333333333 0.7916666666667
1.737373737374 0.2083333333333 0.7916666666667
1.777777777778 0.2083333333333 0.7916666666667
1.818181818182 0.2083333333333 0.7916666666667
1.858585858586 0.2083333333333 0.7916666666667
1.89898989899 0.2083333333333 0.7916666666667
1.939393939394 0.2083333333333 0.7916666666667
1.979797979798 0.2083333333333 0.7916666666667
2.020202020202 0.2083333333333 0.7916666666667
2.060606060606 0.2083333333333 0.7916666666667
2.10101010101 0.2083333333333 0.7916666666667
2.141414141414 0.2083333333333 0.7916666666667
2.181818181818 0.2083333333333 0.7916666666667
2.222222222222 0.2083333333333 0.7916666666667
2.262626262626 0.2083333333333 0.7916666666667
2.30303030303 0.2083333333333 0.7916666666667
2.343434343434 0.2083333333333 0.7916666666667
2.383838383838 0.2083333333333 0.7916666666667
2.424242424242 0.2083333333333 0.7916666666667
2.464646464646 0.2083333333333 0.7916666666667
2.505050505051 0.2083333333333 0.7916666666667
2.545454545455 0.2083333333333 0.7916666666667
2.585858585859 0.2083333333333 0.7916666666667
2.626262626263 0.2083333333333 0.7916666666667
2.666666666667 0.2083333333333 0.7916666666667
2.707070707071 0.2083333333333 0.7916666666667
2.747474747475 0.2083333333333 0.7916666666667
2.787878787879 0.2083333333333 0.7916666666667
2.828282828283 0.2083333333333 0.7916666666667
2.868686868687 0.2083333333333 0.7916666666667
2.909090909091 0.2083333333333 0.7916666666667
2.949494949495 0.2083333333333 0.7916666666667
2.989898989899 0.2083333333333 0.7916666666667
3.030303030303 0.2083333333333 0.7916666666667
3.070707070707 0.2083333333333 0.7916666666667
3.111111111111 0.2083333333333 0.7916666666667
3.151515151515 0.2083333333333 0.7916666666667
3.191919191919 0.2083333333333 0.7916666666667
3.232323232323 0.2083333333333 0.7916666666667
3.272727272727 0.2083333333333 0.7916666666667
3.313131313131 0.2083333333333 0.7916666666667
3.353535353535 0.2083333333333 0.7916666666667
3.393939393939 0.2083333333333 0.7916666666667
3.434343434343 0.2083333333333 0.7916666666667
3.474747474747 0.2083333333333 0.7916666666667
3.515151515152 0.2083333333333 0.7916666666667
3.555555555556 0.2083333333333 0.7916666666667
3.59595959596 0.2083333333333 0.7916666666667
3.636363636364 0.2083333333333 0.7916666666667
3.676767676768 0.2083333333333 0.7916666666667
3.717171717172 0.2083333333333 0.7916666666667
3.757575757576 0.2083333333333 0.7916666666667
3.79797979798 0.2083333333333 0.7916666666667
3.838383838384 0.2083333333333 0.7916666666667
3.878787878788 0.2083333333333 0.7916666666667
3.919191919192 0.2083333333333 0.7916666666667
3.959595959596 0.2083333333333 0.7916666666667
4 0.2083333333333 0.7916666666667
0 0.25 0.75
0.04040404040404 0.25 0.75
0.08080808080808 0.25 0.75
0.1212121212121 0.25 0.75
0.1616161616162 0.25 0.75
0.2020202020202 0.25 0.75
0.2424242424242 0.25 0.75
0.2828282828283 0.25 0.75
0.3232323232323 0.25 0.75
0.3636363636364 0.25 0.75
0.4040404040404 0.25 0.75
0.4444444444444 0.25 0.75
0.4848484848485 0.25 0.75
0.5252525252525 0.25 0.75
0.5656565656566 0.25 0.75
0.6060606060606 0.25 0.75
0.6464646464646 0.25 0.75
0.6868686868687 0.25 0.75
0.7272727272727 0.25 0.75
0.7676767676768 0.25 0.75
0.8080808080808 0.25 0.75
0.8484848484848 0.25 0.75
0.8888888888889 0.25 0.75
0.9292929292929 0.25 0.75
0.969696969697 0.25 0.75
1.010101010101 0.25 0.75
1.050505050505 0.25 0.75
1.090909090909 0.25 0.75
1.131313131313 0.25 0.75
1.171717171717 0.25 0.75
1.212121212121 0.25 0.75
1.252525252525 0.25 0.75
1.292929292929 0.25 0.75
1.333333333333 0.25 0.75
1.373737373737 0.25 0.75
1.414141414141 0.25 0.75
1.454545454545 0.25 0.75
1.494949494949 0.25 0.75
1.535353535354 0.25 0.75
1.575757575758 0.25 0.75
1.616161616162 0.25 0.75
1.656565656566 0.25 0.75
1.69696969697 0.25 0.75
1.737373737374 0.25 0.75
1.777777777778 0.25 0.75
1.818181818182 0.25 0.75
1.858585858586 0.25 0.75
1.89898989899 0.25 0.75
1.939393939394 0.25 0.75
1.979797979798 0.25 0.75
2.020202020202 0.25 0.75
2.060606060606 0.25 0.75
2.10101010101 0.25 0.75
2.141414141414 0.25 0.75
2.181818181818 0.25 0.75
2.222222222222 0.25 0.75
2.262626262626 0.25 0.75
2.30303030303 0.25 0.75
2.343434343434 0.25 0.75
2.383838383838 0.25 0.75
2.424242424242 0.25 0.75
2.464646464646 0.25 0.75
2.505050505051 0.25 0.75
2.545454545455 0.25 0.75
2.585858585859 0.25 0.75
2.626262626263 0.25 0.75
2.666666666667 0.25 0.75
2.707070707071 0.25 0.75
2.747474747475 0.25 0.75
2.787878787879 0.25 0.75
2.828282828283 0.25 0.75
2.868686868687 0.25 0.75
2.909090909091 0.25 0.75
2.949494949495 0.25 0.75
2.989898989899 0.25 0.75
3.030303030303 0.25 0.75
3.070707070707 0.25 0.75
3.111111111111 0.25 0.75
3.151515151515 0.25 0.75
3.191919191919 0.25 0.75
3.232323232323 0.25 0.75
3.272727272727 0.25 0.75
3.313131313131 0.25 0.75
3.353535353535 0.25 0.75
3.393939393939 0.25 0.75
3.434343434343 0.25 0.75
3.474747474747 0.25 0.75
3.515151515152 0.25 0.75
3.555555555556 0.25 0.75
3.59595959596 0.25 0.75
3.636363636364 0.25 0.75
3.676767676768 0.25 0.75
3.717171717172 0.25 0.75
3.757575757576 0.25 0.75
3.79797979798 0.25 0.75
3.838383838384 0.25 0.75
3.878787878788 0.25 0.75
3.919191919192 0.25 0.75
3.959595959596 0.25 0.75
4 0.25 0.75
0 0.2916666666667 0.7083333333333
0.04040404040404 0.2916666666667 0.7083333333333
0.08080808080808 0.2916666666667 0.7083333333333
0.1212121212121 0.2916666666667 0.7083333333333
0.1616161616162 0.2916666666667 0.7083333333333
0.2020202020202 0.2916666666667 0.7083333333333
0.2424242424242 0.2916666666667 0.7083333333333
0.2828282828283 0.2916666666667 0.7083333333333
0.3232323232323 0.2916666666667 0.7083333333333
0.3636363636364 0.2916666666667 0.7083333333333
0.4040404040404 0.2916666666667 0.7083333333333
0.4444444444444 0.2916666666667 0.7083333333333
0.4848484848485 0.2916666666667 0.7083333333333
0.5252525252525 0.2916666666667 0.7083333333333
0.5656565656566 0.2916666666667 0.7083333333333
0.6060606060606 0.2916666666667 0.7083333333333
0.6464646464646 0.2916666666667 0.7083333333333
0.6868686868687 0.2916666666667 0.7083333333333
0.7272727272727 0.2916666666667 0.7083333333333
0.7676767676768 0.2916666666667 0.7083333333333
0.8080808080808 0.2916666666667 0.7083333333333
0.8484848484848 0.2916666666667 0.7083333333333
0.8888888888889 0.2916666666667 0.7083333333333
0.9292929292929 0.2916666666667 0.7083333333333
0.969696969697 0.2916666666667 0.7083333333333
1.010101010101 0.2916666666667 0.7083333333333
1.050505050505 0.2916666666667 0.7083333333333
1.090909090909 0.2916666666667 0.7083333333333
1.131313131313 0.2916666666667 0.7083333333333
1.171717171717 0.2916666666667 0.7083333333333
1.212121212121 0.2916666666667 0.7083333333333
1.252525252525 0.2916666666667 0.7083333333333
1.292929292929 0.2916666666667 0.7083333333333
1.333333333333 0.2916666666667 0.7083333333333
1.373737373737 0.2916666666667 0.7083333333333
1.414141414141 0.2916666666667 0.7083333333333
1.454545454545 0.2916666666667 0.7083333333333
1.494949494949 0.2916666666667 0.7083333333333
1.535353535354 0.2916666666667 0.7083333333333
1.575757575758 0.2916666666667 0.7083333333333
1.616161616162 0.2916666666667 0.7083333333333
1.656565656566 0.2916666666667 0.7083333333333
1.69696969697 0.2916666666667 0.7083333333333
1.737373737374 0.2916666666667 0.7083333333333
1.777777777778 0.2916666666667 0.7083333333333
1.818181818182 0.2916666666667 0.7083333333333
1.858585858586 0.2916666666667 0.7083333333333
1.89898989899 0.2916666666667 0.7083333333333
1.939393939394 0.2916666666667 0.7083333333333
1.979797979798 0.2916666666667 0.7083333333333
2.020202020202 0.2916666666667 0.7083333333333
2.060606060606 0.2916666666667 0.7083333333333
2.10101010101 0.2916666666667 0.7083333333333
2.141414141414 0.2916666666667 0.7083333333333
2.181818181818 0.2916666666667 0.7083333333333
2.222222222222 0.2916666666667 0.7083333333333
2.262626262626 0.2916666666667 0.7083333333333
2.30303030303 0.2916666666667 0.7083333333333
2.343434343434 0.2916666666667 0.7083333333333
2.383838383838 0.2916666666667 0.7083333333333
2.424242424242 0.2916666666667 0.7083333333333
2.464646464646 0.2916666666667 0.7083333333333
2.505050505051 0.2916666666667 0.7083333333333
2.545454545455 0.2916666666667 0.7083333333333
2.585858585859 0.2916666666667 0.7083333333333
2.626262626263 0.2916666666667 0.7083333333333
2.666666666667 0.2916666666667 0.7083333333333
2.707070707071 0.2916666666667 0.7083333333333
2.747474747475 0.2916666666667 0.7083333333333
2.787878787879 0.2916666666667 0.7083333333333
2.828282828283 0.2916666666667 0.7083333333333
2.868686868687 0.2916666666667 0.7083333333333
2.909090909091 0.2916666666667 0.7083333333333
2.949494949495 0.2916666666667 0.7083333333333
2.989898989899 0.2916666666667 0.7083333333333
3.030303030303 0.2916666666667 0.7083333333333
3.070707070707 0.2916666666667 0.7083333333333
3.111111111111 0.2916666666667 0.7083333333333
3.151515151515 0.2916666666667 0.7083333333333
3.191919191919 0.2916666666667 0.7083333333333
3.232323232323 0.2916666666667 0.7083333333333
3.272727272727 0.2916666666667 0.7083333333333
3.313131313131 0.2916666666667 0.7083333333333
3.353535353535 0.2916666666667 0.7083333333333
3.393939393939 0.2916666666667 0.7083333333333
3.434343434343 0.2916666666667 0.7083333333333
3.474747474747 0.2916666666667 0.7083333333333
3.515151515152 0.2916666666667 0.7083333333333
3.555555555556 0.2916666666667 0.7083333333333
3.59595959596 0.2916666666667 0.7083333333333
3.636363636364 0.2916666666667 0.7083333333333
3.676767676768 0.2916666666667 0.7083333333333
3.717171717172 0.2916666666667 0.7083333333333
3.757575757576 0.2916666666667 0.7083333333333
3.79797979798 0.2916666666667 0.7083333333333
3.838383838384 0.2916666666667 0.7083333333333
3.878787878788 0.2916666666667 0.7083333333333
3.919191919192 0.2916666666667 0.7083333333333
3.959595959596 0.2916666666667 0.7083333333333
4 0.2916666666667 0.7083333333333
0 0.3333333333333 0.6666666666667
0.04040404040404 0.3333333333333 0.6666666666667
0.08080808080808 0.3333333333333 0.6666666666667
0.1212121212121 0.3333333333333 0.6666666666667
0.1616161616162 0.3333333333333 0.6666666666667
0.2020202020202 0.3333333333333 0.6666666666667
0.2424242424242 0.3333333333333 0.6666666666667
0.2828282828283 0.3333333333333 0.6666666666667
0.3232323232323 0.3333333333333 0.6666666666667
0.3636363636364 0.3333333333333 0.6666666666667
0.4040404040404 0.3333333333333 0.6666666666667
0.4444444444444 0.3333333333333 0.6666666666667
0.4848484848485 0.3333333333333 0.6666666666667
0.5252525252525 0.3333333333333 0.6666666666667
0.5656565656566 0.3333333333333 0.6666666666667
0.6060606060606 0.3333333333333 0.6666666666667
0.6464646464646 0.3333333333333 0.6666666666667
0.6868686868687 0.3333333333333 0.6666666666667
0.7272727272727 0.3333333333333 0.6666666666667
0.7676767676768 0.3333333333333 0.6666666666667
0.8080808080808 0.3333333333333 0.6666666666667
0.8484848484848 0.3333333333333 0.6666666666667
0.8888888888889 0.3333333333333 0.6666666666667
0.9292929292929 0.3333333333333 0.6666666666667
0.969696969697 0.3333333333333 0.6666666666667
1.010101010101 0.3333333333333 0.6666666666667
1.050505050505 0.3333333333333 0.6666666666667
1.090909090909 0.3333333333333 0.6666666666667
1.131313131313 0.3333333333333 0.6666666666667
1.171717171717 0.3333333333333 0.6666666666667
1.212121212121 0.3333333333333 0.6666666666667
1.252525252525 0.3333333333333 0.6666666666667
1.292929292929 0.3333333333333 0.6666666666667
1.333333333333 0.3333333333333 0.6666666666667
1.373737373737 0.3333333333333 0.6666666666667
1.414141414141 0.3333333333333 0.6666666666667
1.454545454545 0.3333333333333 0.6666666666667
1.494949494949 0.3333333333333 0.6666666666667
1.535353535354 0.3333333333333 0.6666666666667
1.575757575758 0.3333333333333 0.6666666666667
1.616161616162 0.3333333333333 0.6666666666667
1.656565656566 0.3333333333333 0.6666666666667
1.69696969697 0.3333333333333 0.6666666666667
1.737373737374 0.3333333333333 0.6666666666667
1.777777777778 0.3333333333333 0.6666666666667
1.818181818182 0.3333333333333 0.6666666666667
1.858585858586 0.3333333333333 0.6666666666667
1.89898989899 0.3333333333333 0.6666666666667
1.939393939394 0.3333333333333 0.6666666666667
1.979797979798 0.3333333333333 0.6666666666667
2.020202020202 0.3333333333333 0.6666666666667
2.060606060606 0.3333333333333 0.6666666666667
2.10101010101 0.3333333333333 0.6666666666667
2.141414141414 0.3333333333333 0.6666666666667
2.181818181818 0.3333333333333 0.6666666666667
2.222222222222 0.3333333333333 0.6666666666667
2.262626262626 0.3333333333333 0.6666666666667
2.30303030303 0.3333333333333 0.6666666666667
2.343434343434 0.3333333333333 0.6666666666667
2.383838383838 0.3333333333333 0.6666666666667
2.424242424242 0.3333333333333 0.6666666666667
2.464646464646 0.3333333333333 0.6666666666667
2.505050505051 0.3333333333333 0.6666666666667
2.545454545455 0.3333333333333 0.6666666666667
2.585858585859 0.3333333333333 0.6666666666667
2.626262626263 0.3333333333333 0.6666666666667
2.666666666667 0.3333333333333 0.6666666666667
2.707070707071 0.3333333333333 0.6666666666667
2.747474747475 0.3333333333333 0.6666666666667
2.787878787879 0.3333333333333 0.6666666666667
2.828282828283 0.3333333333333 0.6666666666667
2.868686868687 0.3333333333333 0.6666666666667
2.909090909091 0.3333333333333 0.6666666666667
2.949494949495 0.3333333333333 0.6666666666667
2.989898989899 0.3333333333333 0.6666666666667
3.030303030303 0.3333333333333 0.6666666666667
3.070707070707 0.3333333333333 0.6666666666667
3.111111111111 0.3333333333333 0.6666666666667
3.151515151515 0.3333333333333 0.6666666666667
3.191919191919 0.3333333333333 0.6666666666667
3.232323232323 0.3333333333333 0.6666666666667
3.272727272727 0.3333333333333 0.6666666666667
3.313131313131 0.3333333333333 0.6666666666667
3.353535353535 0.3333333333333 0.6666666666667
3.393939393939 0.3333333333333 0.6666666666667
3.434343434343 0.3333333333333 0.6666666666667
3.474747474747 0.3333333333333 0.6666666666667
3.515151515152 0.3333333333333 0.6666666666667
3.555555555556 0.3333333333333 0.6666666666667
3.59595959596 0.3333333333333 0.6666666666667
3.636363636364 0.3333333333333 0.6666666666667
3.676767676768 0.3333333333333 0.6666666666667
3.717171717172 0.3333333333333 0.6666666666667
3.757575757576 0.3333333333333 0.6666666666667
3.79797979798 0.3333333333333 0.6666666666667
3.838383838384 0.3333333333333 0.6666666666667
3.878787878788 0.3333333333333 0.6666666666667
3.919191919192 0.3333333333333 0.6666666666667
3.959595959596 0.3333333333333 0.6666666666667
4 0.3333333333333 0.6666666666667
0 0.375 0.625
0.04040404040404 0.375 0.625
0.08080808080808 0.375 0.625
0.1212121212121 0.375 0.625
0.1616161616162 0.375 0.625
0.2020202020202 0.375 0.625
0.2424242424242 0.375 0.625
0.2828282828283 0.375 0.625
0.3232323232323 0.375 0.625
0.3636363636364 0.375 0.625
0.4040404040404 0.375 0.625
0.4444444444444 0.375 0.625
0.4848484848485 0.375 0.625
0.5252525252525 0.375 0.625
0.5656565656566 0.375 0.625
0.6060606060606 0.375 0.625
0.6464646464646 0.375 0.625
0.6868686868687 0.375 0.625
0.7272727272727 0.375 0.625
0.7676767676768 0.375 0.625
0.8080808080808 0.375 0.625
0.8484848484848 0.375 0.625
0.8888888888889 0.375 0.625
0.9292929292929 0.375 0.625
0.969696969697 0.375 0.625
1.010101010101 0.375 0.625
1.050505050505 0.375 0.625
1.090909090909 0.375 0.625
1.131313131313 0.375 0.625
1.171717171717 0.375 0.625
1.212121212121 0.375 0.625
1.252525252525 0.375 0.625
1.292929292929 0.375 0.625
1.333333333333 0.375 0.625
1.373737373737 0.375 0.625
1.414141414141 0.375 0.625
1.454545454545 0.375 0.625
1.494949494949 0.375 0.625
1.535353535354 0.375 0.625
1.575757575758 0.375 0.625
1.616161616162 0.375 0.625
1.656565656566 0.375 0.625
1.69696969697 0.375 0.625
1.737373737374 0.375 0.625
1.777777777778 0.375 0.625
1.818181818182 0.375 0.625
1.858585858586 0.375 0.625
1.89898989899 0.375 0.625
1.939393939394 0.375 0.625
1.979797979798 0.375 0.625
2.020202020202 0.375 0.625
2.060606060606 0.375 0.625
2.10101010101 0.375 0.625
2.141414141414 0.375 0.625
2.181818181818 0.375 0.625
2.222222222222 0.375 0.625
2.262626262626 0.375 0.625
2.30303030303 0.375 0.625
2.343434343434 0.375 0.625
2.383838383838 0.375 0.625
2.424242424242 0.375 0.625
2.464646464646 0.375 0.625
2.505050505051 0.375 0.625
2.545454545455 0.375 0.625
2.585858585859 0.375 0.625
2.626262626263 0.375 0.625
2.666666666667 0.375 0.625
2.707070707071 0.375 0.625
2.747474747475 0.375 0.625
2.787878787879 0.375 0.625
2.828282828283 0.375 0.625
2.868686868687 0.375 0.625
2.909090909091 0.375 0.625
2.949494949495 0.375 0.625
2.989898989899 0.375 0.625
3.030303030303 0.375 0.625
3.070707070707 0.375 0.625
3.111111111111 0.375 0.625
3.151515151515 0.375 0.625
3.191919191919 0.375 0.625
3.232323232323 0.375 0.625
3.272727272727 0.375 0.625
3.313131313131 0.375 0.625
3.353535353535 0.375 0.625
3.393939393939 0.375 0.625
3.434343434343 0.375 0.625
3.474747474747 0.375 0.625
3.515151515152 0.375 0.625
3.555555555556 0.375 0.625
3.59595959596 0.375 0.625
3.636363636364 0.375 0.625
3.676767676768 0.375 0.625
3.717171717172 0.375 0.625
3.757575757576 0.375 0.625
3.79797979798 0.375 0.625
3.838383838384 0.375 0.625
3.878787878788 0.375 0.625
3.919191919192 0.375 0.625
3.959595959596 0.375 0.625
4 0.375 0.625
0 0.4166666666667 0.5833333333333
0.04040404040404 0.4166666666667 0.5833333333333
0.08080808080808 0.4166666666667 0.5833333333333
0.1212121212121 0.4166666666667 0.5833333333333
0.1616161616162 0.4166666666667 0.5833333333333
0.2020202020202 0.4166666666667 0.5833333333333
0.2424242424242 0.4166666666667 0.5833333333333
0.2828282828283 0.4166666666667 0.5833333333333
0.3232323232323 0.4166666666667 0.5833333333333
0.3636363636364 0.4166666666667 0.5833333333333
0.4040404040404 0.4166666666667 0.5833333333333
0.4444444444444 0.4166666666667 0.5833333333333
0.4848484848485 0.4166666666667 0.5833333333333
0.5252525252525 0.4166666666667 0.5833333333333
0.5656565656566 0.4166666666667 0.5833333333333
0.6060606060606 0.4166666666667 0.5833333333333
0.6464646464646 0.4166666666667 0.5833333333333
0.6868686868687 0.4166666666667 0.5833333333333
0.7272727272727 0.4166666666667 0.5833333333333
0.7676767676768 0.4166666666667 0.5833333333333
0.8080808080808 0.4166666666667 0.5833333333333
0.8484848484848 0.4166666666667 0.5833333333333
0.8888888888889 0.4166666666667 0.5833333333333
0.9292929292929 0.4166666666667 0.5833333333333
0.969696969697 0.4166666666667 0.5833333333333
1.010101010101 0.4166666666667 0.5833333333333
1.050505050505 0.4166666666667 0.5833333333333
1.090909090909 0.4166666666667 0.5833333333333
1.131313131313 0.4166666666667 0.5833333333333
1.171717171717 0.4166666666667 0.5833333333333
1.212121212121 0.4166666666667 0.5833333333333
1.252525252525 0.4166666666667 0.5833333333333
1.292929292929 0.4166666666667 0.5833333333333
1.333333333333 0.4166666666667 0.5833333333333
1.373737373737 0.4166666666667 0.5833333333333
1.414141414141 0.4166666666667 0.5833333333333
1.454545454545 0.4166666666667 0.5833333333333
1.494949494949 0.4166666666667 0.5833333333333
1.535353535354 0.4166666666667 0.5833333333333
1.575757575758 0.4166666666667 0.5833333333333
1.616161616162 0.4166666666667 0.5833333333333
1.656565656566 0.4166666666667 0.5833333333333
1.69696969697 0.4166666666667 0.5833333333333
1.737373737374 0.4166666666667 0.5833333333333
1.777777777778 0.4166666666667 0.5833333333333
1.818181818182 0.4166666666667 0.5833333333333
1.858585858586 0.4166666666667 0.5833333333333
1.89898989899 0.4166666666667 0.5833333333333
1.939393939394 0.4166666666667 0.5833333333333
1.979797979798 0.4166666666667 0.5833333333333
2.020202020202 0.4166666666667 0.5833333333333
2.060606060606 0.4166666666667 0.5833333333333
2.10101010101 0.4166666666667 0.5833333333333
2.141414141414 0.4166666666667 0.5833333333333
2.181818181818 0.4166666666667 0.5833333333333
2.222222222222 0.4166666666667 0.5833333333333
2.262626262626 0.4166666666667 0.5833333333333
2.30303030303 0.4166666666667 0.5833333333333
2.343434343434 0.4166666666667 0.5833333333333
2.383838383838 0.4166666666667 0.5833333333333
2.424242424242 0.4166666666667 0.5833333333333
2.464646464646 0.4166666666667 0.5833333333333
2.505050505051 0.4166666666667 0.5833333333333
2.545454545455 0.4166666666667 0.5833333333333
2.585858585859 0.4166666666667 0.5833333333333
2.626262626263 0.4166666666667 0.5833333333333
2.666666666667 0.4166666666667 0.5833333333333
2.707070707071 0.4166666666667 0.5833333333333
2.747474747475 0.4166666666667 0.5833333333333
2.787878787879 0.4166666666667 0.5833333333333
2.828282828283 0.4166666666667 0.5833333333333
2.868686868687 0.4166666666667 0.5833333333333
2.909090909091 0.4166666666667 0.5833333333333
2.949494949495 0.4166666666667 0.5833333333333
2.989898989899 0.4166666666667 0.5833333333333
3.030303030303 0.4166666666667 0.5833333333333
3.070707070707 0.4166666666667 0.5833333333333
3.111111111111 0.4166666666667 0.5833333333333
3.151515151515 0.4166666666667 0.5833333333333
3.191919191919 0.4166666666667 0.5833333333333
3.232323232323 0.4166666666667 0.5833333333333
3.272727272727 0.4166666666667 0.5833333333333
3.313131313131 0.4166666666667 0.5833333333333
3.353535353535 0.4166666666667 0.5833333333333
3.393939393939 0.4166666666667 0.5833333333333
3.434343434343 0.4166666666667 0.5833333333333
3.474747474747 0.4166666666667 0.5833333333333
3.515151515152 0.4166666666667 0.5833333333333
3.555555555556 0.4166666666667 0.5833333333333
3.59595959596 0.4166666666667 0.5833333333333
3.636363636364 0.4166666666667 0.5833333333333
3.676767676768 0.4166666666667 0.5833333333333
3.717171717172 0.4166666666667 0.5833333333333
3.757575757576 0.4166666666667 0.5833333333333
3.79797979798 0.4166666666667 0.5833333333333
3.838383838384 0.4166666666667 0.5833333333333
3.878787878788 0.4166666666667 0.5833333333333
3.919191919192 0.4166666666667 0.5833333333333
3.959595959596 0.4166666666667 0.5833333333333
4 0.4166666666667 0.5833333333333
0 0.4583333333333 0.5416666666667
0.04040404040404 0.4583333333333 0.5416666666667
0.08080808080808 0.4583333333333 0.5416666666667
0.1212121212121 0.4583333333333 0.5416666666667
0.1616161616162 0.4583333333333 0.5416666666667
0.2020202020202 0.4583333333333 0.5416666666667
0.2424242424242 0.4583333333333 0.5416666666667
0.2828282828283 0.4583333333333 0.5416666666667
0.3232323232323 0.4583333333333 0.5416666666667
0.3636363636364 0.4583333333333 0.5416666666667
0.4040404040404 0.4583333333333 0.5416666666667
0.4444444444444 0.4583333333333 0.5416666666667
0.4848484848485 0.4583333333333 0.5416666666667
0.5252525252525 0.4583333333333 0.5416666666667
0.5656565656566 0.4583333333333 0.5416666666667
0.6060606060606 0.4583333333333 0.5416666666667
0.6464646464646 0.4583333333333 0.5416666666667
0.6868686868687 0.4583333333333 0.5416666666667
0.7272727272727 0.4583333333333 0.5416666666667
0.7676767676768 0.4583333333333 0.5416666666667
0.8080808080808 0.4583333333333 0.5416666666667
0.8484848484848 0.4583333333333 0.5416666666667
0.8888888888889 0.4583333333333 0.5416666666667
0.9292929292929 0.4583333333333 0.5416666666667
0.969696969697 0.4583333333333 0.5416666666667
1.010101010101 0.4583333333333 0.5416666666667
1.050505050505 0.4583333333333 0.5416666666667
1.090909090909 0.4583333333333 0.5416666666667
1.131313131313 0.4583333333333 0.5416666666667
1.171717171717 0.4583333333333 0.5416666666667
1.212121212121 0.4583333333333 0.5416666666667
1.252525252525 0.4583333333333 0.5416666666667
1.292929292929 0.4583333333333 0.5416666666667
1.333333333333 0.4583333333333 0.5416666666667
1.373737373737 0.4583333333333 0.5416666666667
1.414141414141 0.4583333333333 0.5416666666667
1.454545454545 0.4583333333333 0.5416666666667
1.494949494949 0.4583333333333 0.5416666666667
1.535353535354 0.4583333333333 0.5416666666667
1.575757575758 0.4583333333333 0.5416666666667
1.616161616162 0.4583333333333 0.5416666666667
1.656565656566 0.4583333333333 0.5416666666667
1.69696969697 0.4583333333333 0.5416666666667
1.737373737374 0.4583333333333 0.5416666666667
1.777777777778 0.4583333333333 0.5416666666667
1.818181818182 0.4583333333333 0.5416666666667
1.858585858586 0.4583333333333 0.5416666666667
1.89898989899 0.4583333333333 0.5416666666667
1.939393939394 0.4583333333333 0.5416666666667
1.979797979798 0.4583333333333 0.5416666666667
2.020202020202 0.4583333333333 0.5416666666667
2.060606060606 0.4583333333333 0.5416666666667
2.10101010101 0.4583333333333 0.5416666666667
2.141414141414 0.4583333333333 0.5416666666667
2.181818181818 0.4583333333333 0.5416666666667
2.222222222222 0.4583333333333 0.5416666666667
2.262626262626 0.4583333333333 0.5416666666667
2.30303030303 0.4583333333333 0.5416666666667
2.343434343434 0.4583333333333 0.5416666666667
2.383838383838 0.4583333333333 0.5416666666667
2.424242424242 0.4583333333333 0.5416666666667
2.464646464646 0.4583333333333 0.5416666666667
2.505050505051 0.4583333333333 0.5416666666667
2.545454545455 0.4583333333333 0.5416666666667
2.585858585859 0.4583333333333 0.5416666666667
2.626262626263 0.4583333333333 0.5416666666667
2.666666666667 0.4583333333333 0.5416666666667
2.707070707071 0.4583333333333 0.5416666666667
2.747474747475 0.4583333333333 0.5416666666667
2.787878787879 0.4583333333333 0.5416666666667
2.828282828283 0.4583333333333 0.5416666666667
2.868686868687 0.4583333333333 0.5416666666667
2.909090909091 0.4583333333333 0.5416666666667
2.949494949495 0.4583333333333 0.5416666666667
2.989898989899 0.4583333333333 0.5416666666667
3.030303030303 0.4583333333333 0.5416666666667
3.070707070707 0.4583333333333 0.5416666666667
3.111111111111 0.4583333333333 0.5416666666667
3.151515151515 0.4583333333333 0.5416666666667
3.191919191919 0.4583333333333 0.5416666666667
3.232323232323 0.4583333333333 0.5416666666667
3.272727272727 0.4583333333333 0.5416666666667
3.313131313131 0.4583333333333 0.5416666666667
3.353535353535 0.4583333333333 0.5416666666667
3.393939393939 0.4583333333333 0.5416666666667
3.434343434343 0.4583333333333 0.5416666666667
3.474747474747 0.4583333333333 0.5416666666667
3.515151515152 0.4583333333333 0.5416666666667
3.555555555556 0.4583333333333 0.5416666666667
3.59595959596 0.4583333333333 0.5416666666667
3.636363636364 0.4583333333333 0.5416666666667
3.676767676768 0.4583333333333 0.5416666666667
3.717171717172 0.4583333333333 0.5416666666667
3.757575757576 0.4583333333333 0.5416666666667
3.79797979798 0.4583333333333 0.5416666666667
3.838383838384 0.4583333333333 0.5416666666667
3.878787878788 0.4583333333333 0.5416666666667
3.919191919192 0.4583333333333 0.5416666666667
3.959595959596 0.4583333333333 0.5416666666667
4 0.4583333333333 0.5416666666667
0 0.5 0.5
0.04040404040404 0.5 0.5
0.08080808080808 0.5 0.5
0.1212121212121 0.5 0.5
0.1616161616162 0.5 0.5
0.2020202020202 0.5 0.5
0.2424242424242 0.5 0.5
0.2828282828283 0.5 0.5
0.3232323232323 0.5 0.5
0.3636363636364 0.5 0.5
0.4040404040404 0.5 0.5
0.4444444444444 0.5 0.5
0.4848484848485 0.5 0.5
0.5252525252525 0.5 0.5
0.5656565656566 0.5 0.5
0.6060606060606 0.5 0.5
0.6464646464646 0.5 0.5
0.6868686868687 0.5 0.5
0.7272727272727 0.5 0.5
0.7676767676768 0.5 0.5
0.8080808080808 0.5 0.5
0.8484848484848 0.5 0.5
0.8888888888889 0.5 0.5
0.9292929292929 0.5 0.5
0.969696969697 0.5 0.5
1.010101010101 0.5 0.5
1.050505050505 0.5 0.5
1.090909090909 0.5 0.5
1.131313131313 0.5 0.5
1.171717171717 0.5 0.5
1.212121212121 0.5 0.5
1.252525252525 0.5 0.5
1.292929292929 0.5 0.5
1.333333333333 0.5 0.5
1.373737373737 0.5 0.5
1.414141414141 0.5 0.5
1.454545454545 0.5 0.5
1.494949494949 0.5 0.5
1.535353535354 0.5 0.5
1.575757575758 0.5 0.5
1.616161616162 0.5 0.5
1.656565656566 0.5 0.5
1.69696969697 0.5 0.5
1.737373737374 0.5 0.5
1.777777777778 0.5 0.5
1.818181818182 0.5 0.5
1.858585858586 0.5 0.5
1.89898989899 0.5 0.5
1.939393939394 0.5 0.5
1.979797979798 0.5 0.5
2.020202020202 0.5 0.5
2.060606060606 0.5 0.5
2.10101010101 0.5 0.5
2.141414141414 0.5 0.5
2.181818181818 0.5 0.5
2.222222222222 0.5 0.5
2.262626262626 0.5 0.5
2.30303030303 0.5 0.5
2.343434343434 0.5 0.5
2.383838383838 0.5 0.5
2.424242424242 0.5 0.5
2.464646464646 0.5 0.5
2.505050505051 0.5 0.5
2.545454545455 0.5 0.5
2.585858585859 0.5 0.5
2.626262626263 0.5 0.5
2.666666666667 0.5 0.5
2.707070707071 0.5 0.5
2.747474747475 0.5 0.5
2.787878787879 0.5 0.5
2.828282828283 0.5 0.5
2.868686868687 0.5 0.5
2.909090909091 0.5 0.5
2.949494949495 0.5 0.5
2.989898989899 0.5 0.5
3.030303030303 0.5 0.5
3.070707070707 0.5 0.5
3.111111111111 0.5 0.5
3.151515151515 0.5 0.5
3.191919191919 0.5 0.5
3.232323232323 0.5 0.5
3.272727272727 0.5 0.5
3.313131313131 0.5 0.5
3.353535353535 0.5 0.5
3.393939393939 0.5 0.5
3.434343434343 0.5 0.5
3.474747474747 0.5 0.5
3.515151515152 0.5 0.5
3.555555555556 0.5 0.5
3.59595959596 0.5 0.5
3.636363636364 0.5 0.5
3.676767676768 0.5 0.5
3.717171717172 0.5 0.5
3.757575757576 0.5 0.5
3.79797979798 0.5 0.5
3.838383838384 0.5 0.5
3.878787878788 0.5 0.5
3.919191919192 0.5 0.5
3.959595959596 0.5 0.5
4 0.5 0.5
0 0.5416666666667 0.4583333333333
0.04040404040404 0.5416666666667 0.4583333333333
0.08080808080808 0.5416666666667 0.4583333333333
0.1212121212121 0.5416666666667 0.4583333333333
0.1616161616162 0.5416666666667 0.4583333333333
0.2020202020202 0.5416666666667 0.4583333333333
0.2424242424242 0.5416666666667 0.4583333333333
0.2828282828283 0.5416666666667 0.4583333333333
0.3232323232323 0.5416666666667 0.4583333333333
0.3636363636364 0.5416666666667 0.4583333333333
0.4040404040404 0.5416666666667 0.4583333333333
0.4444444444444 0.5416666666667 0.4583333333333
0.4848484848485 0.5416666666667 0.4583333333333
0.5252525252525 0.5416666666667 0.4583333333333
0.5656565656566 0.5416666666667 0.4583333333333
0.6060606060606 0.5416666666667 0.4583333333333
0.6464646464646 0.5416666666667 0.4583333333333
0.6868686868687 0.5416666666667 0.4583333333333
0.7272727272727 0.5416666666667 0.4583333333333
0.7676767676768 0.5416666666667 0.4583333333333
0.8080808080808 0.5416666666667 0.4583333333333
0.8484848484848 0.5416666666667 0.4583333333333
0.8888888888889 0.5416666666667 0.4583333333333
0.9292929292929 0.5416666666667 0.4583333333333
0.969696969697 0.5416666666667 0.4583333333333
1.010101010101 0.5416666666667 0.4583333333333
1.050505050505 0.5416666666667 0.4583333333333
1.090909090909 0.5416666666667 0.4583333333333
1.131313131313 0.5416666666667 0.4583333333333
1.171717171717 0.5416666666667 0.4583333333333
1.212121212121 0.5416666666667 0.4583333333333
1.252525252525 0.5416666666667 0.4583333333333
1.292929292929 0.5416666666667 0.4583333333333
1.333333333333 0.5416666666667 0.4583333333333
1.373737373737 0.5416666666667 0.4583333333333
1.414141414141 0.5416666666667 0.4583333333333
1.454545454545 0.5416666666667 0.4583333333333
1.494949494949 0.5416666666667 0.4583333333333
1.535353535354 0.5416666666667 0.4583333333333
1.575757575758 0.5416666666667 0.4583333333333
1.616161616162 0.5416666666667 0.4583333333333
1.656565656566 0.5416666666667 0.4583333333333
1.69696969697 0.5416666666667 0.4583333333333
1.737373737374 0.5416666666667 0.4583333333333
1.777777777778 0.5416666666667 0.4583333333333
1.818181818182 0.5416666666667 0.4583333333333
1.858585858586 0.5416666666667 0.4583333333333
1.89898989899 0.5416666666667 0.4583333333333
1.939393939394 0.5416666666667 0.4583333333333
1.979797979798 0.5416666666667 0.4583333333333
2.020202020202 0.5416666666667 0.4583333333333
2.060606060606 0.5416666666667 0.4583333333333
2.10101010101 0.5416666666667 0.4583333333333
2.141414141414 0.5416666666667 0.4583333333333
2.181818181818 0.5416666666667 0.4583333333333
2.222222222222 0.5416666666667 0.4583333333333
2.262626262626 0.5416666666667 0.4583333333333
2.30303030303 0.5416666666667 0.4583333333333
2.343434343434 0.5416666666667 0.4583333333333
2.383838383838 0.5416666666667 0.4583333333333
2.424242424242 0.5416666666667 0.4583333333333
2.464646464646 0.5416666666667 0.4583333333333
2.505050505051 0.5416666666667 0.4583333333333
2.545454545455 0.5416666666667 0.4583333333333
2.585858585859 0.5416666666667 0.4583333333333
2.626262626263 0.5416666666667 0.4583333333333
2.666666666667 0.5416666666667 0.4583333333333
2.707070707071 0.5416666666667 0.4583333333333
2.747474747475 0.5416666666667 0.4583333333333
2.787878787879 0.5416666666667 0.4583333333333
2.828282828283 0.5416666666667 0.4583333333333
2.868686868687 0.5416666666667 0.4583333333333
2.909090909091 0.5416666666667 0.4583333333333
2.949494949495 0.5416666666667 0.4583333333333
2.989898989899 0.5416666666667 0.4583333333333
3.030303030303 0.5416666666667 0.4583333333333
3.070707070707 0.5416666666667 0.4583333333333
3.111111111111 0.5416666666667 0.4583333333333
3.151515151515 0.5416666666667 0.4583333333333
3.191919191919 0.5416666666667 0.4583333333333
3.232323232323 0.5416666666667 0.4583333333333
3.272727272727 0.5416666666667 0.4583333333333
3.313131313131 0.5416666666667 0.4583333333333
3.353535353535 0.5416666666667 0.4583333333333
3.393939393939 0.5416666666667 0.4583333333333
3.434343434343 0.5416666666667 0.4583333333333
3.474747474747 0.5416666666667 0.4583333333333
3.515151515152 0.5416666666667 0.4583333333333
3.555555555556 0.5416666666667 0.4583333333333
3.59595959596 0.5416666666667 0.4583333333333
3.636363636364 0.5416666666667 0.4583333333333
3.676767676768 0.5416666666667 0.4583333333333
3.717171717172 0.5416666666667 0.4583333333333
3.757575757576 0.5416666666667 0.4583333333333
3.79797979798 0.5416666666667 0.4583333333333
3.838383838384 0.5416666666667 0.4583333333333
3.878787878788 0.5416666666667 0.4583333333333
3.919191919192 0.5416666666667 0.4583333333333
3.959595959596 0.5416666666667 0.4583333333333
4 0.5416666666667 0.4583333333333
0 0.5833333333333 0.4166666666667
0.04040404040404 0.5833333333333 0.4166666666667
0.08080808080808 0.5833333333333 0.4166666666667
0.1212121212121 0.5833333333333 0.4166666666667
0.1616161616162 0.5833333333333 0.4166666666667
0.2020202020202 0.5833333333333 0.4166666666667
0.2424242424242 0.5833333333333 0.4166666666667
0.2828282828283 0.5833333333333 0.4166666666667
0.3232323232323 0.5833333333333 0.4166666666667
0.3636363636364 0.5833333333333 0.4166666666667
0.4040404040404 0.5833333333333 0.4166666666667
0.4444444444444 0.5833333333333 0.4166666666667
0.4848484848485 0.5833333333333 0.4166666666667
0.5252525252525 0.5833333333333 0.4166666666667
0.5656565656566 0.5833333333333 0.4166666666667
0.6060606060606 0.5833333333333 0.4166666666667
0.6464646464646 0.5833333333333 0.4166666666667
0.6868686868687 0.5833333333333 0.4166666666667
0.7272727272727 0.5833333333333 0.4166666666667
0.7676767676768 0.5833333333333 0.4166666666667
0.8080808080808 0.5833333333333 0.4166666666667
0.8484848484848 0.5833333333333 0.4166666666667
0.8888888888889 0.5833333333333 0.4166666666667
0.9292929292929 0.5833333333333 0.4166666666667
0.969696969697 0.5833333333333 0.4166666666667
1.010101010101 0.5833333333333 0.4166666666667
1.050505050505 0.5833333333333 0.4166666666667
1.090909090909 0.5833333333333 0.4166666666667
1.131313131313 0.5833333333333 0.4166666666667
1.171717171717 0.5833333333333 0.4166666666667
1.212121212121 0.5833333333333 0.4166666666667
1.252525252525 0.5833333333333 0.4166666666667
1.292929292929 0.5833333333333 0.4166666666667
1.333333333333 0.5833333333333 0.4166666666667
1.373737373737 0.5833333333333 0.4166666666667
1.414141414141 0.5833333333333 0.4166666666667
1.454545454545 0.5833333333333 0.4166666666667
1.494949494949 0.5833333333333 0.4166666666667
1.535353535354 0.5833333333333 0.4166666666667
1.575757575758 0.5833333333333 0.4166666666667
1.616161616162 0.5833333333333 0.4166666666667
1.656565656566 0.5833333333333 0.4166666666667
1.69696969697 0.5833333333333 0.4166666666667
1.737373737374 0.5833333333333 0.4166666666667
1.777777777778 0.5833333333333 0.4166666666667
1.818181818182 0.5833333333333 0.4166666666667
1.858585858586 0.5833333333333 0.4166666666667
1.89898989899 0.5833333333333 0.4166666666667
1.939393939394 0.5833333333333 0.4166666666667
1.979797979798 0.5833333333333 0.4166666666667
2.020202020202 0.5833333333333 0.4166666666667
2.060606060606 0.5833333333333 0.4166666666667
2.10101010101 0.5833333333333 0.4166666666667
2.141414141414 0.5833333333333 0.4166666666667
2.181818181818 0.5833333333333 0.4166666666667
2.222222222222 0.5833333333333 0.4166666666667
2.262626262626 0.5833333333333 0.4166666666667
2.30303030303 0.5833333333333 0.4166666666667
2.343434343434 0.5833333333333 0.4166666666667
2.383838383838 0.5833333333333 0.4166666666667
2.424242424242 0.5833333333333 0.4166666666667
2.464646464646 0.5833333333333 0.4166666666667
2.505050505051 0.5833333333333 0.4166666666667
2.545454545455 0.5833333333333 0.4166666666667
2.585858585859 0.5833333333333 0.4166666666667
2.626262626263 0.5833333333333 0.4166666666667
2.666666666667 0.5833333333333 0.4166666666667
2.707070707071 0.5833333333333 0.4166666666667
2.747474747475 0.5833333333333 0.4166666666667
2.787878787879 0.5833333333333 0.4166666666667
2.828282828283 0.5833333333333 0.4166666666667
2.868686868687 0.5833333333333 0.4166666666667
2.909090909091 0.5833333333333 0.4166666666667
2.949494949495 0.5833333333333 0.4166666666667
2.989898989899 0.5833333333333 0.4166666666667
3.030303030303 0.5833333333333 0.4166666666667
3.070707070707 0.5833333333333 0.4166666666667
3.111111111111 0.5833333333333 0.4166666666667
3.151515151515 0.5833333333333 0.4166666666667
3.191919191919 0.5833333333333 0.4166666666667
3.232323232323 0.5833333333333 0.4166666666667
3.272727272727 0.5833333333333 0.4166666666667
3.313131313131 0.5833333333333 0.4166666666667
3.353535353535 0.5833333333333 0.4166666666667
3.393939393939 0.5833333333333 0.4166666666667
3.434343434343 0.5833333333333 0.4166666666667
3.474747474747 0.5833333333333 0.4166666666667
3.515151515152 0.5833333333333 0.4166666666667
3.555555555556 0.5833333333333 0.4166666666667
3.59595959596 0.5833333333333 0.4166666666667
3.636363636364 0.5833333333333 0.4166666666667
3.676767676768 0.5833333333333 0.4166666666667
3.717171717172 0.5833333333333 0.4166666666667
3.757575757576 0.5833333333333 0.4166666666667
3.79797979798 0.5833333333333 0.4166666666667
3.838383838384 0.5833333333333 0.4166666666667
3.878787878788 0.5833333333333 0.4166666666667
3.919191919192 0.5833333333333 0.4166666666667
3.959595959596 0.5833333333333 0.4166666666667
4 0.5833333333333 0.4166666666667
0 0.625 0.375
0.04040404040404 0.625 0.375
0.08080808080808 0.625 0.375
0.1212121212121 0.625 0.375
0.1616161616162 0.625 0.375
0.2020202020202 0.625 0.375
0.2424242424242 0.625 0.375
0.2828282828283 0.625 0.375
0.3232323232323 0.625 0.375
0.3636363636364 0.625 0.375
0.4040404040404 0.625 0.375
0.4444444444444 0.625 0.375
0.4848484848485 0.625 0.375
0.5252525252525 0.625 0.375
0.5656565656566 0.625 0.375
0.6060606060606 0.625 0.375
0.6464646464646 0.625 0.375
0.6868686868687 0.625 0.375
0.7272727272727 0.625 0.375
0.7676767676768 0.625 0.375
0.8080808080808 0.625 0.375
0.8484848484848 0.625 0.375
0.8888888888889 0.625 0.375
0.9292929292929 0.625 0.375
0.969696969697 0.625 0.375
1.010101010101 0.625 0.375
1.050505050505 0.625 0.375
1.090909090909 0.625 0.375
1.131313131313 0.625 0.375
1.171717171717 0.625 0.375
1.212121212121 0.625 0.375
1.252525252525 0.625 0.375
1.292929292929 0.625 0.375
1.333333333333 0.625 0.375
1.373737373737 0.625 0.375
1.414141414141 0.625 0.375
1.454545454545 0.625 0.375
1.494949494949 0.625 0.375
1.535353535354 0.625 0.375
1.575757575758 0.625 0.375
1.616161616162 0.625 0.375
1.656565656566 0.625 0.375
1.69696969697 0.625 0.375
1.737373737374 0.625 0.375
1.777777777778 0.625 0.375
1.818181818182 0.625 0.375
1.858585858586 0.625 0.375
1.89898989899 0.625 0.375
1.939393939394 0.625 0.375
1.979797979798 0.625 0.375
2.020202020202 0.625 0.375
2.060606060606 0.625 0.375
2.10101010101 0.625 0.375
2.141414141414 0.625 0.375
2.181818181818 0.625 0.375
2.222222222222 0.625 0.375
2.262626262626 0.625 0.375
2.30303030303 0.625 0.375
2.343434343434 0.625 0.375
2.383838383838 0.625 0.375
2.424242424242 0.625 0.375
2.464646464646 0.625 0.375
2.505050505051 0.625 0.375
2.545454545455 0.625 0.375
2.585858585859 0.625 0.375
2.626262626263 0.625 0.375
2.666666666667 0.625 0.375
2.707070707071 0.625 0.375
2.747474747475 0.625 0.375
2.787878787879 0.625 0.375
2.828282828283 0.625 0.375
2.868686868687 0.625 0.375
2.909090909091 0.625 0.375
2.949494949495 0.625 0.375
2.989898989899 0.625 0.375
3.030303030303 0.625 0.375
3.070707070707 0.625 0.375
3.111111111111 0.625 0.375
3.151515151515 0.625 0.375
3.191919191919 0.625 0.375
3.232323232323 0.625 0.375
3.272727272727 0.625 0.375
3.313131313131 0.625 0.375
3.353535353535 0.625 0.375
3.393939393939 0.625 0.375
3.434343434343 0.625 0.375
3.474747474747 0.625 0.375
3.515151515152 0.625 0.375
3.555555555556 0.625 0.375
3.59595959596 0.625 0.375
3.636363636364 0.625 0.375
3.676767676768 0.625 0.375
3.717171717172 0.625 0.375
3.757575757576 0.625 0.375
3.79797979798 0.625 0.375
3.838383838384 0.625 0.375
3.878787878788 0.625 0.375
3.919191919192 0.625 0.375
3.959595959596 0.625 0.375
4 0.625 0.375
0 0.6666666666667 0.3333333333333
0.04040404040404 0.6666666666667 0.3333333333333
0.08080808080808 0.6666666666667 0.3333333333333
0.1212121212121 0.6666666666667 0.3333333333333
0.1616161616162 0.6666666666667 0.3333333333333
0.2020202020202 0.6666666666667 0.3333333333333
0.2424242424242 0.6666666666667 0.3333333333333
0.2828282828283 0.6666666666667 0.3333333333333
0.3232323232323 0.6666666666667 0.3333333333333
0.3636363636364 0.6666666666667 0.3333333333333
0.4040404040404 0.6666666666667 0.3333333333333
0.4444444444444 0.6666666666667 0.3333333333333
0.4848484848485 0.6666666666667 0.3333333333333
0.5252525252525 0.6666666666667 0.3333333333333
0.5656565656566 0.6666666666667 0.3333333333333
0.6060606060606 0.6666666666667 0.3333333333333
0.6464646464646 0.6666666666667 0.3333333333333
0.6868686868687 0.6666666666667 0.3333333333333
0.7272727272727 0.6666666666667 0.3333333333333
0.7676767676768 0.6666666666667 0.3333333333333
0.8080808080808 0.6666666666667 0.3333333333333
0.8484848484848 0.6666666666667 0.3333333333333
0.8888888888889 0.6666666666667 0.3333333333333
0.9292929292929 0.6666666666667 0.3333333333333
0.969696969697 0.6666666666667 0.3333333333333
1.010101010101 0.6666666666667 0.3333333333333
1.050505050505 0.6666666666667 0.3333333333333
1.090909090909 0.6666666666667 0.3333333333333
1.131313131313 0.6666666666667 0.3333333333333
1.171717171717 0.6666666666667 0.3333333333333
1.212121212121 0.6666666666667 0.3333333333333
1.252525252525 0.6666666666667 0.3333333333333
1.292929292929 0.6666666666667 0.3333333333333
1.333333333333 0.6666666666667 0.3333333333333
1.373737373737 0.6666666666667 0.3333333333333
1.414141414141 0.6666666666667 0.3333333333333
1.454545454545 0.6666666666667 0.3333333333333
1.494949494949 0.6666666666667 0.3333333333333
1.535353535354 0.6666666666667 0.3333333333333
1.575757575758 0.6666666666667 0.3333333333333
1.616161616162 0.6666666666667 0.3333333333333
1.656565656566 0.6666666666667 0.3333333333333
1.69696969697 0.6666666666667 0.3333333333333
1.737373737374 0.6666666666667 0.3333333333333
1.777777777778 0.6666666666667 0.3333333333333
1.818181818182 0.6666666666667 0.3333333333333
1.858585858586 0.6666666666667 0.3333333333333
1.89898989899 0.6666666666667 0.3333333333333
1.939393939394 0.6666666666667 0.3333333333333
1.979797979798 0.6666666666667 0.3333333333333
2.020202020202 0.6666666666667 0.3333333333333
2.060606060606 0.6666666666667 0.3333333333333
2.10101010101 0.6666666666667 0.3333333333333
2.141414141414 0.6666666666667 0.3333333333333
2.181818181818 0.6666666666667 0.3333333333333
2.222222222222 0.6666666666667 0.3333333333333
2.262626262626 0.6666666666667 0.3333333333333
2.30303030303 0.6666666666667 0.3333333333333
2.343434343434 0.6666666666667 0.3333333333333
2.383838383838 0.6666666666667 0.3333333333333
2.424242424242 0.6666666666667 0.3333333333333
2.464646464646 0.6666666666667 0.3333333333333
2.505050505051 0.6666666666667 0.3333333333333
2.545454545455 0.6666666666667 0.3333333333333
2.585858585859 0.6666666666667 0.3333333333333
2.626262626263 0.6666666666667 0.3333333333333
2.666666666667 0.6666666666667 0.3333333333333
2.707070707071 0.6666666666667 0.3333333333333
2.747474747475 0.6666666666667 0.3333333333333
2.787878787879 0.6666666666667 0.3333333333333
2.828282828283 0.6666666666667 0.3333333333333
2.868686868687 0.6666666666667 0.3333333333333
2.909090909091 0.6666666666667 0.3333333333333
2.949494949495 0.6666666666667 0.3333333333333
2.989898989899 0.6666666666667 0.3333333333333
3.030303030303 0.6666666666667 0.3333333333333
3.070707070707 0.6666666666667 0.3333333333333
3.111111111111 0.6666666666667 0.3333333333333
3.151515151515 0.6666666666667 0.3333333333333
3.191919191919 0.6666666666667 0.3333333333333
3.232323232323 0.6666666666667 0.3333333333333
3.272727272727 0.6666666666667 0.3333333333333
3.313131313131 0.6666666666667 0.3333333333333
3.353535353535 0.6666666666667 0.3333333333333
3.393939393939 0.6666666666667 0.3333333333333
3.434343434343 0.6666666666667 0.3333333333333
3.474747474747 0.6666666666667 0.3333333333333
3.515151515152 0.6666666666667 0.3333333333333
3.555555555556 0.6666666666667 0.3333333333333
3.59595959596 0.6666666666667 0.3333333333333
3.636363636364 0.6666666666667 0.3333333333333
3.676767676768 0.6666666666667 0.3333333333333
3.717171717172 0.6666666666667 0.3333333333333
3.757575757576 0.6666666666667 0.3333333333333
3.79797979798 0.6666666666667 0.3333333333333
3.838383838384 0.6666666666667 0.3333333333333
3.878787878788 0.6666666666667 0.3333333333333
3.919191919192 0.6666666666667 0.3333333333333
3.959595959596 0.6666666666667 0.3333333333333
4 0.6666666666667 0.3333333333333
0 0.7083333333333 0.2916666666667
0.04040404040404 0.7083333333333 0.2916666666667
0.08080808080808 0.7083333333333 0.2916666666667
0.1212121212121 0.7083333333333 0.2916666666667
0.1616161616162 0.7083333333333 0.2916666666667
0.2020202020202 0.7083333333333 0.2916666666667
0.2424242424242 0.7083333333333 0.2916666666667
0.2828282828283 0.7083333333333 0.2916666666667
0.3232323232323 0.7083333333333 0.2916666666667
0.3636363636364 0.7083333333333 0.2916666666667
0.4040404040404 0.7083333333333 0.2916666666667
0.4444444444444 0.7083333333333 0.2916666666667
0.4848484848485 0.7083333333333 0.2916666666667
0.5252525252525 0.7083333333333 0.2916666666667
0.5656565656566 0.7083333333333 0.2916666666667
0.6060606060606 0.7083333333333 0.2916666666667
0.6464646464646 0.7083333333333 0.2916666666667
0.6868686868687 0.7083333333333 0.2916666666667
0.7272727272727 0.7083333333333 0.2916666666667
0.7676767676768 0.7083333333333 0.2916666666667
0.8080808080808 0.7083333333333 0.2916666666667
0.8484848484848 0.7083333333333 0.2916666666667
0.8888888888889 0.7083333333333 0.2916666666667
0.9292929292929 0.7083333333333 0.2916666666667
0.969696969697 0.7083333333333 0.2916666666667
1.010101010101 0.7083333333333 0.2916666666667
1.050505050505 0.7083333333333 0.2916666666667
1.090909090909 0.7083333333333 0.2916666666667
1.131313131313 0.7083333333333 0.2916666666667
1.171717171717 0.7083333333333 0.2916666666667
1.212121212121 0.7083333333333 0.2916666666667
1.252525252525 0.7083333333333 0.2916666666667
1.292929292929 0.7083333333333 0.2916666666667
1.333333333333 0.7083333333333 0.2916666666667
1.373737373737 0.7083333333333 0.2916666666667
1.414141414141 0.7083333333333 0.2916666666667
1.454545454545 0.7083333333333 0.2916666666667
1.494949494949 0.7083333333333 0.2916666666667
1.535353535354 0.7083333333333 0.2916666666667
1.575757575758 0.7083333333333 0.2916666666667
1.616161616162 0.7083333333333 0.2916666666667
1.656565656566 0.7083333333333 0.2916666666667
1.69696969697 0.7083333333333 0.2916666666667
1.737373737374 0.7083333333333 0.2916666666667
1.777777777778 0.7083333333333 0.2916666666667
1.818181818182 0.7083333333333 0.2916666666667
1.858585858586 0.7083333333333 0.2916666666667
1.89898989899 0.7083333333333 0.2916666666667
1.939393939394 0.7083333333333 0.2916666666667
1.979797979798 0.7083333333333 0.2916666666667
2.020202020202 0.7083333333333 0.2916666666667
2.060606060606 0.7083333333333 0.2916666666667
2.10101010101 0.7083333333333 0.2916666666667
2.141414141414 0.7083333333333 0.2916666666667
2.181818181818 0.7083333333333 0.2916666666667
2.222222222222 0.7083333333333 0.2916666666667
2.262626262626 0.7083333333333 0.2916666666667
2.30303030303 0.7083333333333 0.2916666666667
2.343434343434 0.7083333333333 0.2916666666667
2.383838383838 0.7083333333333 0.2916666666667
2.424242424242 0.7083333333333 0.2916666666667
2.464646464646 0.7083333333333 0.2916666666667
2.505050505051 0.7083333333333 0.2916666666667
2.545454545455 0.7083333333333 0.2916666666667
2.585858585859 0.7083333333333 0.2916666666667
2.626262626263 0.7083333333333 0.2916666666667
2.666666666667 0.7083333333333 0.2916666666667
2.707070707071 0.7083333333333 0.2916666666667
2.747474747475 0.7083333333333 0.2916666666667
2.787878787879 0.7083333333333 0.2916666666667
2.828282828283 0.7083333333333 0.2916666666667
2.868686868687 0.7083333333333 0.2916666666667
2.909090909091 0.7083333333333 0.2916666666667
2.949494949495 0.7083333333333 0.2916666666667
2.989898989899 0.7083333333333 0.2916666666667
3.030303030303 0.7083333333333 0.2916666666667
3.070707070707 0.7083333333333 0.2916666666667
3.111111111111 0.7083333333333 0.2916666666667
3.151515151515 0.7083333333333 0.2916666666667
3.191919191919 0.7083333333333 0.2916666666667
3.232323232323 0.7083333333333 0.2916666666667
3.272727272727 0.7083333333333 0.2916666666667
3.313131313131 0.7083333333333 0.2916666666667
3.353535353535 0.7083333333333 0.2916666666667
3.393939393939 0.7083333333333 0.2916666666667
3.434343434343 0.7083333333333 0.2916666666667
3.474747474747 0.7083333333333 0.2916666666667
3.515151515152 0.7083333333333 0.2916666666667
3.555555555556 0.7083333333333 0.2916666666667
3.59595959596 0.7083333333333 0.2916666666667
3.636363636364 0.7083333333333 0.2916666666667
3.676767676768 0.7083333333333 0.2916666666667
3.717171717172 0.7083333333333 0.2916666666667
3.757575757576 0.7083333333333 0.2916666666667
3.79797979798 0.7083333333333 0.2916666666667
3.838383838384 0.7083333333333 0.2916666666667
3.878787878788 0.7083333333333 0.2916666666667
3.919191919192 0.7083333333333 0.2916666666667
3.959595959596 0.7083333333333 0.2916666666667
4 0.7083333333333 0.2916666666667
0 0.75 0.25
0.04040404040404 0.75 0.25
0.08080808080808 0.75 0.25
0.1212121212121 0.75 0.25
0.1616161616162 0.75 0.25
0.2020202020202 0.75 0.25
0.2424242424242 0.75 0.25
0.2828282828283 0.75 0.25
0.3232323232323 0.75 0.25
0.3636363636364 0.75 0.25
0.4040404040404 0.75 0.25
0.4444444444444 0.75 0.25
0.4848484848485 0.75 0.25
0.5252525252525 0.75 0.25
0.5656565656566 0.75 0.25
0.6060606060606 0.75 0.25
0.6464646464646 0.75 0.25
0.6868686868687 0.75 0.25
0.7272727272727 0.75 0.25
0.7676767676768 0.75 0.25
0.8080808080808 0.75 0.25
0.8484848484848 0.75 0.25
0.8888888888889 0.75 0.25
0.9292929292929 0.75 0.25
0.969696969697 0.75 0.25
1.010101010101 0.75 0.25
1.050505050505 0.75 0.25
1.090909090909 0.75 0.25
1.131313131313 0.75 0.25
1.171717171717 0.75 0.25
1.212121212121 0.75 0.25
1.252525252525 0.75 0.25
1.292929292929 0.75 0.25
1.333333333333 0.75 0.25
1.373737373737 0.75 0.25
1.414141414141 0.75 0.25
1.454545454545 0.75 0.25
1.494949494949 0.75 0.25
1.535353535354 0.75 0.25
1.575757575758 0.75 0.25
1.616161616162 0.75 0.25
1.656565656566 0.75 0.25
1.69696969697 0.75 0.25
1.737373737374 0.75 0.25
1.777777777778 0.75 0.25
1.818181818182 0.75 0.25
1.858585858586 0.75 0.25
1.89898989899 0.75 0.25
1.939393939394 0.75 0.25
1.979797979798 0.75 0.25
2.020202020202 0.75 0.25
2.060606060606 0.75 0.25
2.10101010101 0.75 0.25
2.141414141414 0.75 0.25
2.181818181818 0.75 0.25
2.222222222222 0.75 0.25
2.262626262626 0.75 0.25
2.30303030303 0.75 0.25
2.343434343434 0.75 0.25
2.383838383838 0.75 0.25
2.424242424242 0.75 0.25
2.464646464646 0.75 0.25
2.505050505051 0.75 0.25
2.545454545455 0.75 0.25
2.585858585859 0.75 0.25
2.626262626263 0.75 0.25
2.666666666667 0.75 0.25
2.707070707071 0.75 0.25
2.747474747475 0.75 0.25
2.787878787879 0.75 0.25
2.828282828283 0.75 0.25
2.868686868687 0.75 0.25
2.909090909091 0.75 0.25
2.949494949495 0.75 0.25
2.989898989899 0.75 0.25
3.030303030303 0.75 0.25
3.070707070707 0.75 0.25
3.111111111111 0.75 0.25
3.151515151515 0.75 0.25
3.191919191919 0.75 0.25
3.232323232323 0.75 0.25
3.272727272727 0.75 0.25
3.313131313131 0.75 0.25
3.353535353535 0.75 0.25
3.393939393939 0.75 0.25
3.434343434343 0.75 0.25
3.474747474747 0.75 0.25
3.515151515152 0.75 0.25
3.555555555556 0.75 0.25
3.59595959596 0.75 0.25
3.636363636364 0.75 0.25
3.676767676768 0.75 0.25
3.717171717172 0.75 0.25
3.757575757576 0.75 0.25
3.79797979798 0.75 0.25
3.838383838384 0.75 0.25
3.878787878788 0.75 0.25
3.919191919192 0.75 0.25
3.959595959596 0.75 0.25
4 0.75 0.25
0 0.7916666666667 0.2083333333333
0.04040404040404 0.7916666666667 0.2083333333333
0.08080808080808 0.7916666666667 0.2083333333333
0.1212121212121 0.7916666666667 0.2083333333333
0.1616161616162 0.7916666666667 0.2083333333333
0.2020202020202 0.7916666666667 0.2083333333333
0.2424242424242 0.7916666666667 0.2083333333333
0.2828282828283 0.7916666666667 0.2083333333333
0.3232323232323 0.7916666666667 0.2083333333333
0.3636363636364 0.7916666666667 0.2083333333333
0.4040404040404 0.7916666666667 0.2083333333333
0.4444444444444 0.7916666666667 0.2083333333333
0.4848484848485 0.7916666666667 0.2083333333333
0.5252525252525 0.7916666666667 0.2083333333333
0.5656565656566 0.7916666666667 0.2083333333333
0.6060606060606 0.7916666666667 0.2083333333333
0.6464646464646 0.7916666666667 0.2083333333333
0.6868686868687 0.7916666666667 0.2083333333333
0.7272727272727 0.7916666666667 0.2083333333333
0.7676767676768 0.7916666666667 0.2083333333333
0.8080808080808 0.7916666666667 0.2083333333333
0.8484848484848 0.7916666666667 0.2083333333333
0.8888888888889 0.7916666666667 0.2083333333333
0.9292929292929 0.7916666666667 0.2083333333333
0.969696969697 0.7916666666667 0.2083333333333
1.010101010101 0.7916666666667 0.2083333333333
1.050505050505 0.7916666666667 0.2083333333333
1.090909090909 0.7916666666667 0.2083333333333
1.131313131313 0.7916666666667 0.2083333333333
1.171717171717 0.7916666666667 0.2083333333333
1.212121212121 0.7916666666667 0.2083333333333
1.252525252525 0.7916666666667 0.2083333333333
1.292929292929 0.7916666666667 0.2083333333333
1.333333333333 0.7916666666667 0.2083333333333
1.373737373737 0.7916666666667 0.2083333333333
1.414141414141 0.7916666666667 0.2083333333333
1.454545454545 0.7916666666667 0.2083333333333
1.494949494949 0.7916666666667 0.2083333333333
1.535353535354 0.7916666666667 0.2083333333333
1.575757575758 0.7916666666667 0.2083333333333
1.616161616162 0.7916666666667 0.2083333333333
1.656565656566 0.7916666666667 0.2083333333333
1.69696969697 0.7916666666667 0.2083333333333
1.737373737374 0.7916666666667 0.2083333333333
1.777777777778 0.7916666666667 0.2083333333333
1.818181818182 0.7916666666667 0.2083333333333
1.858585858586 0.7916666666667 0.2083333333333
1.89898989899 0.7916666666667 0.2083333333333
1.939393939394 0.7916666666667 0.2083333333333
1.979797979798 0.7916666666667 0.2083333333333
2.020202020202 0.7916666666667 0.2083333333333
2.060606060606 0.7916666666667 0.2083333333333
2.10101010101 0.7916666666667 0.2083333333333
2.141414141414 0.7916666666667 0.2083333333333
2.181818181818 0.7916666666667 0.2083333333333
2.222222222222 0.7916666666667 0.2083333333333
2.262626262626 0.7916666666667 0.2083333333333
2.30303030303 0.7916666666667 0.2083333333333
2.343434343434 0.7916666666667 0.2083333333333
2.383838383838 0.7916666666667 0.2083333333333
2.424242424242 0.7916666666667 0.2083333333333
2.464646464646 0.7916666666667 0.2083333333333
2.505050505051 0.7916666666667 0.2083333333333
2.545454545455 0.7916666666667 0.2083333333333
2.585858585859 0.7916666666667 0.2083333333333
2.626262626263 0.7916666666667 0.2083333333333
2.666666666667 0.7916666666667 0.2083333333333
2.707070707071 0.7916666666667 0.2083333333333
2.747474747475 0.7916666666667 0.2083333333333
2.787878787879 0.7916666666667 0.2083333333333
2.828282828283 0.7916666666667 0.2083333333333
2.868686868687 0.7916666666667 0.2083333333333
2.909090909091 0.7916666666667 0.2083333333333
2.949494949495 0.7916666666667 0.2083333333333
2.989898989899 0.7916666666667 0.2083333333333
3.030303030303 0.7916666666667 0.2083333333333
3.070707070707 0.7916666666667 0.2083333333333
3.111111111111 0.7916666666667 0.2083333333333
3.151515151515 0.7916666666667 0.2083333333333
3.191919191919 0.7916666666667 0.2083333333333
3.232323232323 0.7916666666667 0.2083333333333
3.272727272727 0.7916666666667 0.2083333333333
3.313131313131 0.7916666666667 0.2083333333333
3.353535353535 0.7916666666667 0.2083333333333
3.393939393939 0.7916666666667 0.2083333333333
3.434343434343 0.7916666666667 0.2083333333333
3.474747474747 0.7916666666667 0.2083333333333
3.515151515152 0.7916666666667 0.2083333333333
3.555555555556 0.7916666666667 0.2083333333333
3.59595959596 0.7916666666667 0.2083333333333
3.636363636364 0.7916666666667 0.2083333333333
3.676767676768 0.7916666666667 0.2083333333333
3.717171717172 0.7916666666667 0.2083333333333
3.757575757576 0.7916666666667 0.2083333333333
3.79797979798 0.7916666666667 0.2083333333333
3.838383838384 0.7916666666667 0.2083333333333
3.878787878788 0.7916666666667 0.2083333333333
3.919191919192 0.7916666666667 0.2083333333333
3.959595959596 0.7916666666667 0.2083333333333
4 0.7916666666667 0.2083333333333
0 0.8333333333333 0.1666666666667
0.04040404040404 0.8333333333333 0.1666666666667
0.08080808080808 0.8333333333333 0.1666666666667
0.1212121212121 0.8333333333333 0.1666666666667
0.1616161616162 0.8333333333333 0.1666666666667
0.2020202020202 0.8333333333333 0.1666666666667
0.2424242424242 0.8333333333333 0.1666666666667
0.2828282828283 0.8333333333333 0.1666666666667
0.3232323232323 0.8333333333333 0.1666666666667
0.3636363636364 0.8333333333333 0.1666666666667
0.4040404040404 0.8333333333333 0.1666666666667
0.4444444444444 0.8333333333333 0.1666666666667
0.4848484848485 0.8333333333333 0.1666666666667
0.5252525252525 0.8333333333333 0.1666666666667
0.5656565656566 0.8333333333333 0.1666666666667
0.6060606060606 0.8333333333333 0.1666666666667
0.6464646464646 0.8333333333333 0.1666666666667
0.6868686868687 0.8333333333333 0.1666666666667
0.7272727272727 0.8333333333333 0.1666666666667
0.7676767676768 0.8333333333333 0.1666666666667
0.8080808080808 0.8333333333333 0.1666666666667
0.8484848484848 0.8333333333333 0.1666666666667
0.8888888888889 0.8333333333333 0.1666666666667
0.9292929292929 0.8333333333333 0.1666666666667
0.969696969697 0.8333333333333 0.1666666666667
1.010101010101 0.8333333333333 0.1666666666667
1.050505050505 0.8333333333333 0.1666666666667
1.090909090909 0.8333333333333 0.1666666666667
1.131313131313 0.8333333333333 0.1666666666667
1.171717171717 0.8333333333333 0.1666666666667
1.212121212121 0.8333333333333 0.1666666666667
1.252525252525 0.8333333333333 0.1666666666667
1.292929292929 0.8333333333333 0.1666666666667
1.333333333333 0.8333333333333 0.1666666666667
1.373737373737 0.8333333333333 0.1666666666667
1.414141414141 0.8333333333333 0.1666666666667
1.454545454545 0.8333333333333 0.1666666666667
1.494949494949 0.8333333333333 0.1666666666667
1.535353535354 0.8333333333333 0.1666666666667
1.575757575758 0.8333333333333 0.1666666666667
1.616161616162 0.8333333333333 0.1666666666667
1.656565656566 0.8333333333333 0.1666666666667
1.69696969697 0.8333333333333 0.1666666666667
1.737373737374 0.8333333333333 0.1666666666667
1.777777777778 0.8333333333333 0.1666666666667
1.818181818182 0.8333333333333 0.1666666666667
1.858585858586 0.8333333333333 0.1666666666667
1.89898989899 0.8333333333333 0.1666666666667
1.939393939394 0.8333333333333 0.1666666666667
1.979797979798 0.8333333333333 0.1666666666667
2.020202020202 0.8333333333333 0.1666666666667
2.060606060606 0.8333333333333 0.1666666666667
2.10101010101 0.8333333333333 0.1666666666667
2.141414141414 0.8333333333333 0.1666666666667
2.181818181818 0.8333333333333 0.1666666666667
2.222222222222 0.8333333333333 0.1666666666667
2.262626262626 0.8333333333333 0.1666666666667
2.30303030303 0.8333333333333 0.1666666666667
2.343434343434 0.8333333333333 0.1666666666667
2.383838383838 0.8333333333333 0.1666666666667
2.424242424242 0.8333333333333 0.1666666666667
2.464646464646 0.8333333333333 0.1666666666667
2.505050505051 0.8333333333333 0.1666666666667
2.545454545455 0.8333333333333 0.1666666666667
2.585858585859 0.8333333333333 0.1666666666667
2.626262626263 0.8333333333333 0.1666666666667
2.666666666667 0.8333333333333 0.1666666666667
2.707070707071 0.8333333333333 0.1666666666667
2.747474747475 0.8333333333333 0.1666666666667
2.787878787879 0.8333333333333 0.1666666666667
2.828282828283 0.8333333333333 0.1666666666667
2.868686868687 0.8333333333333 0.1666666666667
2.909090909091 0.8333333333333 0.1666666666667
2.949494949495 0.8333333333333 0.1666666666667
2.989898989899 0.8333333333333 0.1666666666667
3.030303030303 0.8333333333333 0.1666666666667
3.070707070707 0.8333333333333 0.1666666666667
3.111111111111 0.8333333333333 0.1666666666667
3.151515151515 0.8333333333333 0.1666666666667
3.191919191919 0.8333333333333 0.1666666666667
3.232323232323 0.8333333333333 0.1666666666667
3.272727272727 0.8333333333333 0.1666666666667
3.313131313131 0.8333333333333 0.1666666666667
3.353535353535 0.8333333333333 0.1666666666667
3.393939393939 0.8333333333333 0.1666666666667
3.434343434343 0.8333333333333 0.1666666666667
3.474747474747 0.8333333333333 0.1666666666667
3.515151515152 0.8333333333333 0.1666666666667
3.555555555556 0.8333333333333 0.1666666666667
3.59595959596 0.8333333333333 0.1666666666667
3.636363636364 0.8333333333333 0.1666666666667
3.676767676768 0.8333333333333 0.1666666666667
3.717171717172 0.8333333333333 0.1666666666667
3.757575757576 0.8333333333333 0.1666666666667
3.79797979798 0.8333333333333 0.1666666666667
3.838383838384 0.8333333333333 0.1666666666667
3.878787878788 0.8333333333333 0.1666666666667
3.919191919192 0.8333333333333 0.1666666666667
3.959595959596 0.8333333333333 0.1666666666667
4 0.8333333333333 0.1666666666667
0 0.875 0.125
0.04040404040404 0.875 0.125
0.08080808080808 0.875 0.125
0.1212121212121 0.875 0.125
0.1616161616162 0.875 0.125
0.2020202020202 0.875 0.125
0.2424242424242 0.875 0.125
0.2828282828283 0.875 0.125
0.3232323232323 0.875 0.125
0.3636363636364 0.875 0.125
0.4040404040404 0.875 0.125
0.4444444444444 0.875 0.125
0.4848484848485 0.875 0.125
0.5252525252525 0.875 0.125
0.5656565656566 0.875 0.125
0.6060606060606 0.875 0.125
0.6464646464646 0.875 0.125
0.6868686868687 0.875 0.125
0.7272727272727 0.875 0.125
0.7676767676768 0.875 0.125
0.8080808080808 0.875 0.125
0.8484848484848 0.875 0.125
0.8888888888889 0.875 0.125
0.9292929292929 0.875 0.125
0.969696969697 0.875 0.125
1.010101010101 0.875 0.125
1.050505050505 0.875 0.125
1.090909090909 0.875 0.125
1.131313131313 0.875 0.125
1.171717171717 0.875 0.125
1.212121212121 0.875 0.125
1.252525252525 0.875 0.125
1.292929292929 0.875 0.125
1.333333333333 0.875 0.125
1.373737373737 0.875 0.125
1.414141414141 0.875 0.125
1.454545454545 0.875 0.125
1.494949494949 0.875 0.125
1.535353535354 0.875 0.125
1.575757575758 0.875 0.125
1.616161616162 0.875 0.125
1.656565656566 0.875 0.125
1.69696969697 0.875 0.125
1.737373737374 0.875 0.125
1.777777777778 0.875 0.125
1.818181818182 0.875 0.125
1.858585858586 0.875 0.125
1.89898989899 0.875 0.125
1.939393939394 0.875 0.125
1.979797979798 0.875 0.125
2.020202020202 0.875 0.125
2.060606060606 0.875 0.125
2.10101010101 0.875 0.125
2.141414141414 0.875 0.125
2.181818181818 0.875 0.125
2.222222222222 0.875 0.125
2.262626262626 0.875 0.125
2.30303030303 0.875 0.125
2.343434343434 0.875 0.125
2.383838383838 0.875 0.125
2.424242424242 0.875 0.125
2.464646464646 0.875 0.125
2.505050505051 0.875 0.125
2.545454545455 0.875 0.125
2.585858585859 0.875 0.125
2.626262626263 0.875 0.125
2.666666666667 0.875 0.125
2.707070707071 0.875 0.125
2.747474747475 0.875 0.125
2.787878787879 0.875 0.125
2.828282828283 0.875 0.125
2.868686868687 0.875 0.125
2.909090909091 0.875 0.125
2.949494949495 0.875 0.125
2.989898989899 0.875 0.125
3.030303030303 0.875 0.125
3.070707070707 0.875 0.125
3.111111111111 0.875 0.125
3.151515151515 0.875 0.125
3.191919191919 0.875 0.125
3.232323232323 0.875 0.125
3.272727272727 0.875 0.125
3.313131313131 0.875 0.125
3.353535353535 0.875 0.125
3.393939393939 0.875 0.125
3.434343434343 0.875 0.125
3.474747474747 0.875 0.125
3.515151515152 0.875 0.125
3.555555555556 0.875 0.125
3.59595959596 0.875 0.125
3.636363636364 0.875 0.125
3.676767676768 0.875 0.125
3.717171717172 0.875 0.125
3.757575757576 0.875 0.125
3.79797979798 0.875 0.125
3.838383838384 0.875 0.125
3.878787878788 0.875 0.125
3.919191919192 0.875 0.125
3.959595959596 0.875 0.125
4 0.875 0.125
0 0.9166666666667 0.08333333333333
0.04040404040404 0.9166666666667 0.08333333333333
0.08080808080808 0.9166666666667 0.08333333333333
0.1212121212121 0.9166666666667 0.08333333333333
0.1616161616162 0.9166666666667 0.08333333333333
0.2020202020202 0.9166666666667 0.08333333333333
0.2424242424242 0.9166666666667 0.08333333333333
0.2828282828283 0.9166666666667 0.08333333333333
0.3232323232323 0.9166666666667 0.08333333333333
0.3636363636364 0.9166666666667 0.08333333333333
0.4040404040404 0.9166666666667 0.08333333333333
0.4444444444444 0.9166666666667 0.08333333333333
0.4848484848485 0.9166666666667 0.08333333333333
0.5252525252525 0.9166666666667 0.08333333333333
0.5656565656566 0.9166666666667 0.08333333333333
0.6060606060606 0.9166666666667 0.08333333333333
0.6464646464646 0.9166666666667 0.08333333333333
0.6868686868687 0.9166666666667 0.08333333333333
0.7272727272727 0.9166666666667 0.08333333333333
0.7676767676768 0.9166666666667 0.08333333333333
0.8080808080808 0.9166666666667 0.08333333333333
0.8484848484848 0.9166666666667 0.08333333333333
0.8888888888889 0.9166666666667 0.08333333333333
0.9292929292929 0.9166666666667 0.08333333333333
0.969696969697 0.9166666666667 0.08333333333333
1.010101010101 0.9166666666667 0.08333333333333
1.050505050505 0.9166666666667 0.08333333333333
1.090909090909 0.9166666666667 0.08333333333333
1.131313131313 0.9166666666667 0.08333333333333
1.171717171717 0.9166666666667 0.08333333333333
1.212121212121 0.9166666666667 0.08333333333333
1.252525252525 0.9166666666667 0.08333333333333
1.292929292929 0.9166666666667 0.08333333333333
1.333333333333 0.9166666666667 0.08333333333333
1.373737373737 0.9166666666667 0.08333333333333
1.414141414141 0.9166666666667 0.08333333333333
1.454545454545 0.9166666666667 0.08333333333333
1.494949494949 0.9166666666667 0.08333333333333
1.535353535354 0.9166666666667 0.08333333333333
1.575757575758 0.9166666666667 0.08333333333333
1.616161616162 0.9166666666667 0.08333333333333
1.656565656566 0.9166666666667 0.08333333333333
1.69696969697 0.9166666666667 0.08333333333333
1.737373737374 0.9166666666667 0.08333333333333
1.777777777778 0.9166666666667 0.08333333333333
1.818181818182 0.9166666666667 0.08333333333333
1.858585858586 0.9166666666667 0.08333333333333
1.89898989899 0.9166666666667 0.08333333333333
1.939393939394 0.9166666666667 0.08333333333333
1.979797979798 0.9166666666667 0.08333333333333
2.020202020202 0.9166666666667 0.08333333333333
2.060606060606 0.9166666666667 0.08333333333333
2.10101010101 0.9166666666667 0.08333333333333
2.141414141414 0.9166666666667 0.08333333333333
2.181818181818 0.9166666666667 0.08333333333333
2.222222222222 0.9166666666667 0.08333333333333
2.262626262626 0.9166666666667 0.08333333333333
2.30303030303 0.9166666666667 0.08333333333333
2.343434343434 0.9166666666667 0.08333333333333
2.383838383838 0.9166666666667 0.08333333333333
2.424242424242 0.9166666666667 0.08333333333333
2.464646464646 0.9166666666667 0.08333333333333
2.505050505051 0.9166666666667 0.08333333333333
2.545454545455 0.9166666666667 0.08333333333333
2.585858585859 0.9166666666667 0.08333333333333
2.626262626263 0.9166666666667 0.08333333333333
2.666666666667 0.9166666666667 0.08333333333333
2.707070707071 0.9166666666667 0.08333333333333
2.747474747475 0.9166666666667 0.08333333333333
2.787878787879 0.9166666666667 0.08333333333333
2.828282828283 0.9166666666667 0.08333333333333
2.868686868687 0.9166666666667 0.08333333333333
2.909090909091 0.9166666666667 0.08333333333333
2.949494949495 0.9166666666667 0.08333333333333
2.989898989899 0.9166666666667 0.08333333333333
3.030303030303 0.9166666666667 0.08333333333333
3.070707070707 0.9166666666667 0.08333333333333
3.111111111111 0.9166666666667 0.08333333333333
3.151515151515 0.9166666666667 0.08333333333333
3.191919191919 0.9166666666667 0.08333333333333
3.232323232323 0.9166666666667 0.08333333333333
3.272727272727 0.9166666666667 0.08333333333333
3.313131313131 0.9166666666667 0.08333333333333
3.353535353535 0.9166666666667 0.08333333333333
3.393939393939 0.9166666666667 0.08333333333333
3.434343434343 0.9166666666667 0.08333333333333
3.474747474747 0.9166666666667 0.08333333333333
3.515151515152 0.9166666666667 0.08333333333333
3.555555555556 0.9166666666667 0.08333333333333
3.59595959596 0.9166666666667 0.08333333333333
3.636363636364 0.9166666666667 0.08333333333333
3.676767676768 0.9166666666667 0.08333333333333
3.717171717172 0.9166666666667 0.08333333333333
3.757575757576 0.9166666666667 0.08333333333333
3.79797979798 0.9166666666667 0.08333333333333
3.838383838384 0.9166666666667 0.08333333333333
3.878787878788 0.9166666666667 0.08333333333333
3.919191919192 0.9166666666667 0.08333333333333
3.959595959596 0.9166666666667 0.08333333333333
4 0.9166666666667 0.08333333333333
0 0.9583333333333 0.04166666666667
0.04040404040404 0.9583333333333 0.04166666666667
0.08080808080808 0.9583333333333 0.04166666666667
0.1212121212121 0.9583333333333 0.04166666666667
0.1616161616162 0.9583333333333 0.04166666666667
0.2020202020202 0.9583333333333 0.04166666666667
0.2424242424242 0.9583333333333 0.04166666666667
0.2828282828283 0.9583333333333 0.04166666666667
0.3232323232323 0.9583333333333 0.04166666666667
0.3636363636364 0.9583333333333 0.04166666666667
0.4040404040404 0.9583333333333 0.04166666666667
0.4444444444444 0.9583333333333 0.04166666666667
0.4848484848485 0.9583333333333 0.04166666666667
0.5252525252525 0.9583333333333 0.04166666666667
0.5656565656566 0.9583333333333 0.04166666666667
0.6060606060606 0.9583333333333 0.04166666666667
0.6464646464646 0.9583333333333 0.04166666666667
0.6868686868687 0.9583333333333 0.04166666666667
0.7272727272727 0.9583333333333 0.04166666666667
0.7676767676768 0.9583333333333 0.04166666666667
0.8080808080808 0.9583333333333 0.04166666666667
0.8484848484848 0.9583333333333 0.04166666666667
0.8888888888889 0.9583333333333 0.04166666666667
0.9292929292929 0.9583333333333 0.04166666666667
0.969696969697 0.9583333333333 0.04166666666667
1.010101010101 0.9583333333333 0.04166666666667
1.050505050505 0.9583333333333 0.04166666666667
1.090909090909 0.9583333333333 0.04166666666667
1.131313131313 0.9583333333333 0.04166666666667
1.171717171717 0.9583333333333 0.04166666666667
1.212121212121 0.9583333333333 0.04166666666667
1.252525252525 0.9583333333333 0.04166666666667
1.292929292929 0.9583333333333 0.04166666666667
1.333333333333 0.9583333333333 0.04166666666667
1.373737373737 0.9583333333333 0.04166666666667
1.414141414141 0.9583333333333 0.04166666666667
1.454545454545 0.9583333333333 0.04166666666667
1.494949494949 0.9583333333333 0.04166666666667
1.535353535354 0.9583333333333 0.04166666666667
1.575757575758 0.9583333333333 0.04166666666667
1.616161616162 0.9583333333333 0.04166666666667
1.656565656566 0.9583333333333 0.04166666666667
1.69696969697 0.9583333333333 0.04166666666667
1.737373737374 0.9583333333333 0.04166666666667
1.777777777778 0.9583333333333 0.04166666666667
1.818181818182 0.9583333333333 0.04166666666667
1.858585858586 0.9583333333333 0.04166666666667
1.89898989899 0.9583333333333 0.04166666666667
1.939393939394 0.9583333333333 0.04166666666667
1.979797979798 0.9583333333333 0.04166666666667
2.020202020202 0.9583333333333 0.04166666666667
2.060606060606 0.9583333333333 0.04166666666667
2.10101010101 0.9583333333333 0.04166666666667
2.141414141414 0.9583333333333 0.04166666666667
2.181818181818 0.9583333333333 0.04166666666667
2.222222222222 0.9583333333333 0.04166666666667
2.262626262626 0.9583333333333 0.04166666666667
2.30303030303 0.9583333333333 0.04166666666667
2.343434343434 0.9583333333333 0.04166666666667
2.383838383838 0.9583333333333 0.04166666666667
2.424242424242 0.9583333333333 0.04166666666667
2.464646464646 0.9583333333333 0.04166666666667
2.505050505051 0.9583333333333 0.04166666666667
2.545454545455 0.9583333333333 0.04166666666667
2.585858585859 0.9583333333333 0.04166666666667
2.626262626263 0.9583333333333 0.04166666666667
2.666666666667 0.9583333333333 0.04166666666667
2.707070707071 0.9583333333333 0.04166666666667
2.747474747475 0.9583333333333 0.04166666666667
2.787878787879 0.9583333333333 0.04166666666667
2.828282828283 0.9583333333333 0.04166666666667
2.868686868687 0.9583333333333 0.04166666666667
2.909090909091 0.9583333333333 0.04166666666667
2.949494949495 0.9583333333333 0.04166666666667
2.989898989899 0.9583333333333 0.04166666666667
3.030303030303 0.9583333333333 0.04166666666667
3.070707070707 0.9583333333333 0.04166666666667
3.111111111111 0.9583333333333 0.04166666666667
3.151515151515 0.9583333333333 0.04166666666667
3.191919191919 0.9583333333333 0.04166666666667
3.232323232323 0.9583333333333 0.04166666666667
3.272727272727 0.9583333333333 0.04166666666667
3.313131313131 0.9583333333333 0.04166666666667
3.353535353535 0.9583333333333 0.04166666666667
3.393939393939 0.9583333333333 0.04166666666667
3.434343434343 0.9583333333333 0.04166666666667
3.474747474747 0.9583333333333 0.04166666666667
3.515151515152 0.9583333333333 0.04166666666667
3.555555555556 0.9583333333333 0.04166666666667
3.59595959596 0.9583333333333 0.04166666666667
3.636363636364 0.9583333333333 0.04166666666667
3.676767676768 0.9583333333333 0.04166666666667
3.717171717172 0.9583333333333 0.04166666666667
3.757575757576 0.9583333333333 0.04166666666667
3.79797979798 0.9583333333333 0.04166666666667
3.838383838384 0.9583333333333 0.04166666666667
3.878787878788 0.9583333333333 0.04166666666667
3.919191919192 0.9583333333333 0.04166666666667
3.959595959596 0.9583333333333 0.04166666666667
4 0.9583333333333 0.04166666666667
0 1 0
0.04040404040404 1 0
0.08080808080808 1 0
0.1212121212121 1 0
0.1616161616162 1 0
0.2020202020202 1 0
0.2424242424242 1 0
0.2828282828283 1 0
0.3232323232323 1 0
0.3636363636364 1 0
0.4040404040404 1 0
0.4444444444444 1 0
0.4848484848485 1 0
0.5252525252525 1 0
0.5656565656566 1 0
0.6060606060606 1 0
0.6464646464646 1 0
0.6868686868687 1 0
0.7272727272727 1 0
0.7676767676768 1 0
0.8080808080808 1 0
0.8484848484848 1 0
0.8888888888889 1 0
0.9292929292929 1 0
0.969696969697 1 0
1.010101010101 1 0
1.050505050505 1 0
1.090909090909 1 0
1.131313131313 1 0
1.171717171717 1 0
1.212121212121 1 0
1.252525252525 1 0
1.292929292929 1 0
1.333333333333 1 0
1.373737373737 1 0
1.414141414141 1 0
1.454545454545 1 0
1.494949494949 1 0
1.535353535354 1 0
1.575757575758 1 0
1.616161616162 1 0
1.656565656566 1 0
1.69696969697 1 0
1.737373737374 1 0
1.777777777778 1 0
1.818181818182 1 0
1.858585858586 1 0
1.89898989899 1 0
1.939393939394 1 0
1.979797979798 1 0
2.020202020202 1 0
2.060606060606 1 0
2.10101010101 1 0
2.141414141414 1 0
2.181818181818 1 0
2.222222222222 1 0
2.262626262626 1 0
2.30303030303 1 0
2.343434343434 1 0
2.383838383838 1 0
2.424242424242 1 0
2.464646464646 1 0
2.505050505051 1 0
2.545454545455 1 0
2.585858585859 1 0
2.626262626263 1 0
2.666666666667 1 0
2.707070707071 1 0
2.747474747475 1 0
2.787878787879 1 0
2.828282828283 1 0
2.868686868687 1 0
2.909090909091 1 0
2.949494949495 1 0
2.989898989899 1 0
3.030303030303 1 0
3.070707070707 1 0
3.111111111111 1 0
3.151515151515 1 0
3.191919191919 1 0
3.232323232323 1 0
3.272727272727 1 0
3.313131313131 1 0
3.353535353535 1 0
3.393939393939 1 0
3.434343434343 1 0
3.474747474747 1 0
3.515151515152 1 0
3.555555555556 1 0
3.59595959596 1 0
3.636363636364 1 0
3.676767676768 1 0
3.717171717172 1 0
3.757575757576 1 0
3.79797979798 1 0
3.838383838384 1 0
3.878787878788 1 0
3.919191919192 1 0
3.959595959596 1 0
4 1 0
